   1.9599997e-01	
   5.9024003e-01	
  -2.9538084e-01	
   4.5071493e-01	
   1.1958872e-01	
   6.5913870e-01	
  -5.4132519e-01	
  -1.3723669e-01	
   6.4618893e-01	
  -4.9302894e-01	
   5.4930528e-03	
   6.9991383e-01	
  -6.9965533e-01	
  -6.9862119e-01	
  -6.9448972e-01	
  -6.7804517e-01	
  -6.1355741e-01	
  -3.7557874e-01	
   2.9697339e-01	
   4.4801942e-01	
   1.2651023e-01	
   6.5427189e-01	
  -5.2306203e-01	
  -8.1696482e-02	
   6.8093060e-01	
  -6.2476137e-01	
  -4.1521895e-01	
   2.0740947e-01	
   5.7708946e-01	
  -2.5152069e-01	
   5.1924970e-01	
  -7.0343586e-02	
   6.8586229e-01	
  -6.4402026e-01	
  -4.8503412e-01	
   2.7834312e-02	
   6.9778646e-01	
  -6.9115985e-01	
  -6.6486220e-01	
  -5.6297597e-01	
  -2.0554806e-01	
   5.7928582e-01	
  -2.5877735e-01	
   5.0866952e-01	
  -3.9270540e-02	
   6.9559384e-01	
  -6.8243082e-01	
  -6.3060477e-01	
  -4.3617781e-01	
   1.5642576e-01	
   6.3008853e-01	
  -4.3431870e-01	
   1.6104958e-01	
   6.2589438e-01	
  -4.1926792e-01	
   1.9775570e-01	
   5.8826479e-01	
  -2.8872994e-01	
   4.6181452e-01	
   9.0649535e-02	
   6.7652191e-01	
  -6.0766255e-01	
  -3.5501037e-01	
   3.3990774e-01	
   3.6989349e-01	
   3.0908228e-01	
   4.2705182e-01	
   1.7893353e-01	
   6.0852225e-01	
  -3.5799809e-01	
   3.3382127e-01	
   3.8160959e-01	
   2.8392603e-01	
   4.6967429e-01	
   6.9731558e-02	
   6.8610720e-01	
  -6.4498021e-01	
  -4.8856950e-01	
   1.7999857e-02	
   6.9907433e-01	
  -6.9629979e-01	
  -6.8523779e-01	
  -6.4157334e-01	
  -4.7604628e-01	
   5.2514398e-02	
   6.9212070e-01	
  -6.6866020e-01	
  -5.7744659e-01	
  -2.5269837e-01	
   5.1755309e-01	
  -6.5317767e-02	
   6.8781032e-01	
  -6.5166581e-01	
  -5.1333766e-01	
  -5.2901250e-02	
   6.9200422e-01	
  -6.6819956e-01	
  -5.7568714e-01	
  -2.4690159e-01	
   5.2582760e-01	
  -8.9984777e-02	
   6.7686505e-01	
  -6.0898941e-01	
  -3.5962274e-01	
   3.3049018e-01	
   3.8793212e-01	
   2.7002477e-01	
   4.9167605e-01	
   9.2990233e-03	
   6.9975297e-01	
  -6.9901207e-01	
  -6.9605060e-01	
  -6.8424649e-01	
  -6.3769459e-01	
  -4.6186925e-01	
   9.0505405e-02	
   6.7659650e-01	
  -6.0795094e-01	
  -3.5601202e-01	
   3.3787291e-01	
   3.7383396e-01	
   3.0070902e-01	
   4.4164021e-01	
   1.4272545e-01	
   6.4179841e-01	
  -4.7687202e-01	
   5.0266235e-02	
   6.9278090e-01	
  -6.7127249e-01	
  -5.8744743e-01	
  -2.8598384e-01	
   4.6632371e-01	
   7.8691965e-02	
   6.8230737e-01	
  -6.3012387e-01	
  -4.3444556e-01	
   1.6073469e-01	
   6.2618387e-01	
  -4.2030357e-01	
   1.9527142e-01	
   5.9105448e-01	
  -2.9812969e-01	
   4.4605356e-01	
   1.3153205e-01	
   6.5056949e-01	
  -5.0925903e-01	
  -4.0984714e-02	
   6.9520079e-01	
  -6.8086892e-01	
  -6.2452094e-01	
  -4.1436074e-01	
   2.0944361e-01	
   5.7466676e-01	
  -2.4354826e-01	
   5.3052655e-01	
  -1.0416693e-01	
   6.6899795e-01	
  -5.7873784e-01	
  -2.5696388e-01	
   5.1134177e-01	
  -4.7058307e-02	
   6.9367297e-01	
  -6.7480621e-01	
  -6.0103791e-01	
  -3.3213266e-01	
   3.8482277e-01	
   2.7688980e-01	
   4.8094867e-01	
   3.9109620e-02	
   6.9562986e-01	
  -6.8257396e-01	
  -6.3116300e-01	
  -4.3819026e-01	
   1.5139825e-01	
   6.3451020e-01	
  -4.5029485e-01	
   1.2067044e-01	
   6.5839614e-01	
  -5.3852993e-01	
  -1.2861250e-01	
   6.5273959e-01	
  -5.1733992e-01	
  -6.4687095e-02	
   6.8804459e-01	
  -6.5258669e-01	
  -5.1676925e-01	
  -6.3000977e-02	
   6.8865972e-01	
  -6.5500628e-01	
  -5.2580877e-01	
  -8.9927839e-02	
   6.7689431e-01	
  -6.0910260e-01	
  -3.6001666e-01	
   3.2968021e-01	
   3.8945985e-01	
   2.6663146e-01	
   4.9687901e-01	
  -5.3964708e-03	
   6.9991684e-01	
  -6.9966736e-01	
  -6.9866930e-01	
  -6.9468177e-01	
  -6.7880743e-01	
  -6.1651248e-01	
  -3.8596428e-01	
   2.7437617e-01	
   4.8490775e-01	
   2.8184186e-02	
   6.9773047e-01	
  -6.9093657e-01	
  -6.6398054e-01	
  -5.5962856e-01	
  -1.9481143e-01	
   5.9156728e-01	
  -2.9986243e-01	
   4.4309310e-01	
   1.3905285e-01	
   6.4475517e-01	
  -4.8774063e-01	
   2.0311985e-02	
   6.9882124e-01	
  -6.9528894e-01	
  -6.8121871e-01	
  -6.2588221e-01	
  -4.1922399e-01	
   1.9786096e-01	
   5.8814581e-01	
  -2.8833000e-01	
   4.6247391e-01	
   8.8908229e-02	
   6.7741524e-01	
  -6.1111829e-01	
  -3.6704407e-01	
   3.1508206e-01	
   4.1635226e-01	
   2.0471653e-01	
   5.8026039e-01	
  -2.6200609e-01	
   5.0386532e-01	
  -2.5372206e-02	
   6.9816076e-01	
  -6.9265273e-01	
  -6.7076467e-01	
  -5.8550024e-01	
  -2.7945828e-01	
   4.7686608e-01	
   5.0282111e-02	
   6.9277633e-01	
  -6.7125444e-01	
  -5.8737819e-01	
  -2.8575144e-01	
   4.6670336e-01	
   7.7679891e-02	
   6.8275954e-01	
  -6.3188740e-01	
  -4.4080441e-01	
   1.4483301e-01	
   6.4006685e-01	
  -4.7053021e-01	
   6.7432646e-02	
   6.8700814e-01	
  -6.4851478e-01	
  -5.0163218e-01	
  -1.8956411e-02	
   6.9897335e-01	
  -6.9589639e-01	
  -6.8363320e-01	
  -6.3529770e-01	
  -4.5315149e-01	
   1.1329662e-01	
   6.6332537e-01	
  -5.5714442e-01	
  -1.8688508e-01	
   6.0021144e-01	
  -3.2929654e-01	
   3.9018245e-01	
   2.6502186e-01	
   4.9932404e-01	
  -1.2355718e-02	
   6.9956386e-01	
  -6.9825599e-01	
  -6.9303217e-01	
  -6.7226694e-01	
  -5.9126480e-01	
  -2.9883980e-01	
   4.4484238e-01	
   1.3461500e-01	
   6.4822515e-01	
  -5.0055957e-01	
  -1.5885090e-02	
   6.9927908e-01	
  -6.9711782e-01	
  -6.8849455e-01	
  -6.5435596e-01	
  -5.2337592e-01	
  -8.2634972e-02	
   6.8048996e-01	
  -6.2304740e-01	
  -4.0910835e-01	
   2.2180126e-01	
   5.5944055e-01	
  -1.9421069e-01	
   5.9223500e-01	
  -3.0212086e-01	
   4.3920870e-01	
   1.4884487e-01	
   6.3670059e-01	
  -4.5825039e-01	
   1.0001906e-01	
   6.7141769e-01	
  -5.8800488e-01	
  -2.8785603e-01	
   4.6325418e-01	
   8.6844432e-02	
   6.7845157e-01	
  -6.1513296e-01	
  -3.8110976e-01	
   2.8501551e-01	
   4.6790330e-01	
   7.4475697e-02	
   6.8415252e-01	
  -6.3732758e-01	
  -4.6053229e-01	
   9.4028869e-02	
   6.7473879e-01	
  -6.0077837e-01	
  -3.3124146e-01	
   3.8651189e-01	
   2.7316731e-01	
   4.8679890e-01	
   2.2933793e-02	
   6.9849730e-01	
  -6.9399562e-01	
  -6.7608503e-01	
  -6.0597376e-01	
  -3.4915445e-01	
   3.5168926e-01	
   3.4661329e-01	
   3.5674063e-01	
   3.3638891e-01	
   3.7669284e-01	
   2.9457853e-01	
   4.5206708e-01	
   1.1610101e-01	
   6.6148731e-01	
  -5.5018705e-01	
  -1.6487334e-01	
   6.2233377e-01	
  -4.0656951e-01	
   2.2771805e-01	
   5.5184139e-01	
  -1.7008264e-01	
   6.1734838e-01	
  -3.8891149e-01	
   2.6785123e-01	
   4.9501632e-01	
  -1.1763000e-04	
   7.0000000e-01	
  -7.0000000e-01	
  -6.9999953e-01	
  -6.9999763e-01	
  -6.9999005e-01	
  -6.9995972e-01	
  -6.9983841e-01	
  -6.9935324e-01	
  -6.9741367e-01	
  -6.8967334e-01	
  -6.5899757e-01	
  -5.4079327e-01	
  -1.3559211e-01	
   6.4747090e-01	
  -4.9776733e-01	
  -7.9205871e-03	
   6.9982080e-01	
  -6.9928328e-01	
  -6.9713411e-01	
  -6.8855945e-01	
  -6.5461129e-01	
  -5.2433083e-01	
  -8.5493464e-02	
   6.7911684e-01	
  -6.1771337e-01	
  -3.9019904e-01	
   2.6498512e-01	
   4.9937965e-01	
  -1.2514408e-02	
   6.9955259e-01	
  -6.9821092e-01	
  -6.9285234e-01	
  -6.7155484e-01	
  -5.8853071e-01	
  -2.8962362e-01	
   4.6033779e-01	
   9.4540318e-02	
   6.7446324e-01	
  -5.9971616e-01	
  -3.2759809e-01	
   3.9337016e-01	
   2.5788544e-01	
   5.0998599e-01	
  -4.3102046e-02	
   6.9469210e-01	
  -6.7884887e-01	
  -6.1667321e-01	
  -3.8653059e-01	
   2.7312623e-01	
   4.8686302e-01	
   2.2755405e-02	
   6.9852058e-01	
  -6.9408857e-01	
  -6.7645366e-01	
  -6.0739827e-01	
  -3.5409291e-01	
   3.4176651e-01	
   3.6627326e-01	
   3.1669683e-01	
   4.1343747e-01	
   2.1162700e-01	
   5.7204004e-01	
  -2.3494230e-01	
   5.4229191e-01	
  -1.4023007e-01	
   6.4381589e-01	
  -4.8428257e-01	
   2.9915692e-02	
   6.9744304e-01	
  -6.8979082e-01	
  -6.5946060e-01	
  -5.4253752e-01	
  -1.4099094e-01	
   6.4320454e-01	
  -4.8203449e-01	
   3.6122425e-02	
   6.9627194e-01	
  -6.8512748e-01	
  -6.4114144e-01	
  -4.7446343e-01	
   5.6813000e-02	
   6.9077797e-01	
  -6.6335488e-01	
  -5.5725583e-01	
  -1.8723982e-01	
   5.9983225e-01	
  -3.2799637e-01	
   3.9262413e-01	
   2.5956082e-01	
   5.0750907e-01	
  -3.5901327e-02	
   6.9631747e-01	
  -6.8530861e-01	
  -6.4185064e-01	
  -4.7706313e-01	
   4.9745351e-02	
   6.9292975e-01	
  -6.7186178e-01	
  -5.8970886e-01	
  -2.9358973e-01	
   4.5372896e-01	
   1.1180008e-01	
   6.6428784e-01	
  -5.6079526e-01	
  -1.9854628e-01	
   5.8736976e-01	
  -2.8572355e-01	
   4.6674889e-01	
   7.7558469e-02	
   6.8281340e-01	
  -6.3209754e-01	
  -4.4156330e-01	
   1.4291984e-01	
   6.4163977e-01	
  -4.7629029e-01	
   5.1850475e-02	
   6.9231867e-01	
  -6.6944328e-01	
  -5.8044044e-01	
  -2.6260279e-01	
   5.0297094e-01	
  -2.2799369e-02	
   6.9851488e-01	
  -6.9406579e-01	
  -6.7636332e-01	
  -6.0704909e-01	
  -3.5288132e-01	
   3.4421383e-01	
   3.6147665e-01	
   3.2667036e-01	
   3.9510420e-01	
   2.5397903e-01	
   5.1569899e-01	
  -5.9844159e-02	
   6.8976771e-01	
  -6.5936998e-01	
  -5.4219604e-01	
  -1.3993263e-01	
   6.4405398e-01	
  -4.8515865e-01	
   2.7489114e-02	
   6.9784103e-01	
  -6.9137743e-01	
  -6.6572166e-01	
  -5.6624336e-01	
  -2.1608977e-01	
   5.6658646e-01	
  -2.1720064e-01	
   5.6521123e-01	
  -2.1275354e-01	
   5.7067423e-01	
  -2.3048306e-01	
   5.4822174e-01	
  -1.5870594e-01	
   6.2803561e-01	
  -4.2693919e-01	
   1.7920861e-01	
   6.0824078e-01	
  -3.5701955e-01	
   3.3582031e-01	
   3.7778489e-01	
   2.9222449e-01	
   4.5601385e-01	
   1.0586106e-01	
   6.6798127e-01	
  -5.7485419e-01	
  -2.4416345e-01	
   5.2966930e-01	
  -1.0157023e-01	
   6.7052434e-01	
  -5.8457967e-01	
  -2.7638072e-01	
   4.8175358e-01	
   3.6895659e-02	
   6.9611063e-01	
  -6.8448573e-01	
  -6.3863016e-01	
  -4.6528095e-01	
   8.1467816e-02	
   6.8103714e-01	
  -6.2517597e-01	
  -4.1669958e-01	
   2.0389015e-01	
   5.8122516e-01	
  -2.6520768e-01	
   4.9904270e-01	
  -1.1553210e-02	
   6.9961868e-01	
  -6.9847514e-01	
  -6.9390674e-01	
  -6.7573257e-01	
  -6.0461244e-01	
  -3.4444590e-01	
   3.6102026e-01	
   3.2761248e-01	
   3.9334303e-01	
   2.5794642e-01	
   5.0989610e-01	
  -4.2840106e-02	
   6.9475641e-01	
  -6.7910421e-01	
  -6.1766390e-01	
  -3.9002445e-01	
   2.6537432e-01	
   4.9878990e-01	
  -1.0832504e-02	
   6.9966478e-01	
  -6.9865943e-01	
  -6.9464238e-01	
  -6.7865104e-01	
  -6.1590594e-01	
  -3.8382855e-01	
   2.7907352e-01	
   4.7747991e-01	
   4.8608355e-02	
   6.9324924e-01	
  -6.7312719e-01	
  -5.9457158e-01	
  -3.1004353e-01	
   4.2535164e-01	
   1.8307419e-01	
   6.0423954e-01	
  -3.4315833e-01	
   3.6354978e-01	
   3.2237585e-01	
   4.0306801e-01	
   2.3581763e-01	
   5.4111441e-01	
  -1.3658517e-01	
   6.4669865e-01	
  -4.9491180e-01	
   1.7831604e-04	
   6.9999996e-01	
  -6.9999979e-01	
  -6.9999870e-01	
  -6.9999434e-01	
  -6.9997689e-01	
  -6.9990708e-01	
  -6.9962786e-01	
  -6.9851137e-01	
  -6.9405133e-01	
  -6.7630597e-01	
  -6.0682745e-01	
  -3.5211261e-01	
   3.4576223e-01	
   3.5842420e-01	
   3.3294883e-01	
   3.8327164e-01	
   2.8029384e-01	
   4.7552960e-01	
   5.3918864e-02	
   6.9169362e-01	
  -6.6697158e-01	
  -5.7100268e-01	
  -2.3155410e-01	
   5.4680786e-01	
  -1.5428239e-01	
   6.3199138e-01	
  -4.4118027e-01	
   1.4388589e-01	
   6.4084814e-01	
  -4.7338957e-01	
   5.9721165e-02	
   6.8980969e-01	
  -6.5953544e-01	
  -5.4281955e-01	
  -1.4186555e-01	
   6.4249772e-01	
  -4.7943805e-01	
   4.3255006e-02	
   6.9465432e-01	
  -6.7869894e-01	
  -6.1609169e-01	
  -3.8448238e-01	
   2.7763822e-01	
   4.7976290e-01	
   4.2364438e-02	
   6.9487218e-01	
  -6.7956385e-01	
  -6.1944819e-01	
  -3.9633121e-01	
   2.5120472e-01	
   5.1970337e-01	
  -7.1690288e-02	
   6.8531579e-01	
  -6.4187922e-01	
  -4.7716796e-01	
   4.9459513e-02	
   6.9301077e-01	
  -6.7218259e-01	
  -5.9094081e-01	
  -2.9774544e-01	
   4.4670776e-01	
   1.2986333e-01	
   6.5181576e-01	
  -5.1389654e-01	
  -5.4541532e-02	
   6.9150070e-01	
  -6.6620917e-01	
  -5.6809857e-01	
  -2.2210245e-01	
   5.5905872e-01	
  -1.9299044e-01	
   5.9358495e-01	
  -3.0669457e-01	
   4.3125285e-01	
   1.6863134e-01	
   6.1875277e-01	
  -3.9387142e-01	
   2.5675826e-01	
   5.1164341e-01	
  -4.7939971e-02	
   6.9343365e-01	
  -6.7385780e-01	
  -5.9738337e-01	
  -3.1961931e-01	
   4.0812447e-01	
   2.2409831e-01	
   5.5651412e-01	
  -1.8487991e-01	
   6.0234131e-01	
  -3.3661445e-01	
   3.7625936e-01	
   2.9551109e-01	
   4.5049483e-01	
   1.2015542e-01	
   6.5875051e-01	
  -5.3986352e-01	
  -1.3272142e-01	
   6.4967159e-01	
  -5.0592337e-01	
  -3.1309564e-02	
   6.9719923e-01	
  -6.8881931e-01	
  -6.5563395e-01	
  -5.2815922e-01	
  -9.7005820e-02	
   6.7311399e-01	
  -5.9452127e-01	
  -3.0987259e-01	
   4.2565441e-01	
   1.8233804e-01	
   6.0500810e-01	
  -3.4581373e-01	
   3.5832267e-01	
   3.3315673e-01	
   3.8287594e-01	
   2.8115999e-01	
   4.7414014e-01	
   5.7688910e-02	
   6.9049142e-01	
  -6.6222401e-01	
  -5.5297279e-01	
  -1.7365370e-01	
   6.1384123e-01	
  -3.7657446e-01	
   2.9483359e-01	
   4.5163757e-01	
   1.1721000e-01	
   6.6074805e-01	
  -5.4739427e-01	
  -1.5611533e-01	
   6.3036582e-01	
  -4.3531738e-01	
   1.5856821e-01	
   6.2816035e-01	
  -4.2738693e-01	
   1.7811572e-01	
   6.0935653e-01	
  -3.6090110e-01	
   3.2785850e-01	
   3.9288226e-01	
   2.5898147e-01	
   5.0836740e-01	
  -3.8392641e-02	
   6.9578865e-01	
  -6.8320523e-01	
  -6.3362635e-01	
  -4.4709200e-01	
   1.2888239e-01	
   6.5254095e-01	
  -5.1659910e-01	
  -6.2498615e-02	
   6.8883984e-01	
  -6.5571524e-01	
  -5.2846376e-01	
  -9.7925242e-02	
   6.7260193e-01	
  -5.9255244e-01	
  -3.0319504e-01	
   4.3735095e-01	
   1.5349753e-01	
   6.3268145e-01	
  -4.4367376e-01	
   1.3758197e-01	
   6.4591773e-01	
  -4.9202773e-01	
   8.3108892e-03	
   6.9980270e-01	
  -6.9921088e-01	
  -6.9684481e-01	
  -6.8740721e-01	
  -6.5008144e-01	
  -5.0744494e-01	
  -3.5715043e-02	
   6.9635559e-01	
  -6.8546028e-01	
  -6.4244466e-01	
  -4.7924285e-01	
   4.3789708e-02	
   6.9452135e-01	
  -6.7817114e-01	
  -6.1404552e-01	
  -3.7729073e-01	
   2.9329081e-01	
   4.5422998e-01	
   1.1050032e-01	
   6.6511338e-01	
  -5.6393088e-01	
  -2.0862261e-01	
   5.7564757e-01	
  -2.4677182e-01	
   5.2601062e-01	
  -9.0534809e-02	
   6.7658136e-01	
  -6.0789237e-01	
  -3.5580855e-01	
   3.3828669e-01	
   3.7303457e-01	
   3.0241485e-01	
   4.3870071e-01	
   1.5011907e-01	
   6.3561220e-01	
  -4.5429391e-01	
   1.1033471e-01	
   6.6521788e-01	
  -5.6432805e-01	
  -2.0990291e-01	
   5.7411660e-01	
  -2.4174249e-01	
   5.3303033e-01	
  -1.1177528e-01	
   6.6430376e-01	
  -5.6085568e-01	
  -1.9873990e-01	
   5.8714999e-01	
  -2.8498602e-01	
   4.6795152e-01	
   7.4346771e-02	
   6.8420733e-01	
  -6.3754190e-01	
  -4.6131292e-01	
   9.1972815e-02	
   6.7583145e-01	
  -6.0499470e-01	
  -3.4576700e-01	
   3.5841502e-01	
   3.3296763e-01	
   3.8323584e-01	
   2.8037221e-01	
   4.7540403e-01	
   5.4259988e-02	
   6.9158818e-01	
  -6.6655488e-01	
  -5.6941500e-01	
  -2.2638089e-01	
   5.5357640e-01	
  -1.7556241e-01	
   6.1193680e-01	
  -3.6990471e-01	
   3.0905882e-01	
   4.2709326e-01	
   1.7883241e-01	
   6.0862563e-01	
  -3.5835758e-01	
   3.3308548e-01	
   3.8301158e-01	
   2.8086319e-01	
   4.7461674e-01	
   5.6396990e-02	
   6.9091254e-01	
  -6.6388610e-01	
  -5.5927028e-01	
  -1.9366606e-01	
   5.9283857e-01	
  -3.0416451e-01	
   4.3566861e-01	
   1.5769385e-01	
   6.2895042e-01	
  -4.3022467e-01	
   1.7116236e-01	
   6.1629556e-01	
  -3.8520064e-01	
   2.7605873e-01	
   4.8226164e-01	
   3.5496317e-02	
   6.9640007e-01	
  -6.8563727e-01	
  -6.4313801e-01	
  -4.8178959e-01	
   3.6796847e-02	
   6.9613144e-01	
  -6.8456849e-01	
  -6.3895388e-01	
  -4.6646260e-01	
   7.8322113e-02	
   6.8247330e-01	
  -6.3077084e-01	
  -4.3677632e-01	
   1.5493298e-01	
   6.3141650e-01	
  -4.3910511e-01	
   1.4910514e-01	
   6.3647902e-01	
  -4.5744441e-01	
   1.0212772e-01	
   6.7019981e-01	
  -5.8333652e-01	
  -2.7223248e-01	
   4.8825582e-01	
   1.8874983e-02	
   6.9898213e-01	
  -6.9593149e-01	
  -6.8377280e-01	
  -6.3584309e-01	
  -4.5513224e-01	
   1.0815638e-01	
   6.6657771e-01	
  -5.6950243e-01	
  -2.2666540e-01	
   5.5320813e-01	
  -1.7439783e-01	
   6.1310125e-01	
  -3.7398038e-01	
   3.0039644e-01	
   4.4217707e-01	
   1.4136982e-01	
   6.4289878e-01	
  -4.8091100e-01	
   3.9213458e-02	
   6.9560662e-01	
  -6.8248159e-01	
  -6.3080276e-01	
  -4.3689136e-01	
   1.5464580e-01	
   6.3167051e-01	
  -4.4002180e-01	
   1.4680260e-01	
   6.3842571e-01	
  -4.6453537e-01	
   8.3448536e-02	
   6.8010386e-01	
  -6.2154642e-01	
  -4.0377088e-01	
   2.3419759e-01	
   5.4328994e-01	
  -1.4332564e-01	
   6.4130799e-01	
  -4.7507411e-01	
   5.5156268e-02	
   6.9130799e-01	
  -6.6544780e-01	
  -5.6520177e-01	
  -2.1272263e-01	
   5.7071180e-01	
  -2.3060561e-01	
   5.4806029e-01	
  -1.5820023e-01	
   6.2849349e-01	
  -4.2858307e-01	
   1.7519042e-01	
   6.1230948e-01	
  -3.7120828e-01	
   3.0629857e-01	
   4.3194625e-01	
   1.6692124e-01	
   6.2039228e-01	
  -3.9967595e-01	
   2.4359776e-01	
   5.3045750e-01	
  -1.0395760e-01	
   6.6912242e-01	
  -5.7921373e-01	
  -2.5853835e-01	
   5.0902279e-01	
  -4.0297762e-02	
   6.9536032e-01	
  -6.8150275e-01	
  -6.2698812e-01	
  -4.2318274e-01	
   1.8833276e-01	
   5.9865935e-01	
  -3.2398005e-01	
   4.0010569e-01	
   2.4261551e-01	
   5.3182204e-01	
  -1.0809909e-01	
   6.6661319e-01	
  -5.6963757e-01	
  -2.2710523e-01	
   5.5263790e-01	
  -1.7259614e-01	
   6.1488746e-01	
  -3.8024739e-01	
   2.8689143e-01	
   4.6483800e-01	
   8.2644614e-02	
   6.8048536e-01	
  -6.2302947e-01	
  -4.0904449e-01	
   2.2195054e-01	
   5.5925129e-01	
  -1.9360575e-01	
   5.9290530e-01	
  -3.0439057e-01	
   4.3527557e-01	
   1.5867192e-01	
   6.2806635e-01	
  -4.2704955e-01	
   1.7893936e-01	
   6.0851630e-01	
  -3.5797741e-01	
   3.3386358e-01	
   3.8152886e-01	
   2.8410204e-01	
   4.6938865e-01	
   7.0497974e-02	
   6.8580012e-01	
  -6.4377659e-01	
  -4.8413757e-01	
   3.0316890e-02	
   6.9737399e-01	
  -6.8951567e-01	
  -6.5837627e-01	
  -5.3845474e-01	
  -1.2838108e-01	
   6.5290951e-01	
  -5.1797378e-01	
  -6.6562087e-02	
   6.8734146e-01	
  -6.4982367e-01	
  -5.0648757e-01	
  -3.2941559e-02	
   6.9689963e-01	
  -6.8762599e-01	
  -6.5094098e-01	
  -5.1064002e-01	
  -4.5008902e-02	
   6.9421205e-01	
  -6.7694392e-01	
  -6.0929402e-01	
  -3.6068305e-01	
   3.2830805e-01	
   3.9203946e-01	
   2.6087157e-01	
   5.0556006e-01	
  -3.0259942e-02	
   6.9738388e-01	
  -6.8955502e-01	
  -6.5853134e-01	
  -5.3903821e-01	
  -1.3017737e-01	
   6.5158253e-01	
  -5.1302799e-01	
  -5.1993167e-02	
   6.9227638e-01	
  -6.6927594e-01	
  -5.7980035e-01	
  -2.6048092e-01	
   5.0614214e-01	
  -3.1942477e-02	
   6.9708485e-01	
  -6.8836366e-01	
  -6.5384104e-01	
  -5.2145130e-01	
  -7.6889539e-02	
   6.8310863e-01	
  -6.3324973e-01	
  -4.4572879e-01	
   1.3235984e-01	
   6.4994536e-01	
  -5.0693991e-01	
  -3.4251287e-02	
   6.9664819e-01	
  -6.8662486e-01	
  -6.4701012e-01	
  -4.9606270e-01	
  -3.0802964e-03	
   6.9997294e-01	
  -6.9989173e-01	
  -6.9956647e-01	
  -6.9826594e-01	
  -6.9307189e-01	
  -6.7242423e-01	
  -5.9186909e-01	
  -3.0088254e-01	
   4.4134217e-01	
   1.4347737e-01	
   6.4118356e-01	
  -4.7461816e-01	
   5.6393462e-02	
   6.9091368e-01	
  -6.6389059e-01	
  -5.5928731e-01	
  -1.9372049e-01	
   5.9277832e-01	
  -3.0396043e-01	
   4.3602319e-01	
   1.5681076e-01	
   6.2974396e-01	
  -4.3307843e-01	
   1.6412332e-01	
   6.2303867e-01	
  -4.0907765e-01	
   2.2187302e-01	
   5.5934960e-01	
  -1.9391995e-01	
   5.9255742e-01	
  -3.0321228e-01	
   4.3732106e-01	
   1.5357224e-01	
   6.3261590e-01	
  -4.4343682e-01	
   1.3818251e-01	
   6.4544455e-01	
  -4.9028192e-01	
   1.3210694e-02	
   6.9950140e-01	
  -6.9800631e-01	
  -6.9203612e-01	
  -6.6832524e-01	
  -5.7616705e-01	
  -2.4848098e-01	
   5.2359215e-01	
  -8.3282122e-02	
   6.8018318e-01	
  -6.2185474e-01	
  -4.0486620e-01	
   2.3166698e-01	
   5.4665830e-01	
  -1.5381515e-01	
   6.3240267e-01	
  -4.4266611e-01	
   1.4013376e-01	
   6.4389295e-01	
  -4.8456607e-01	
   2.9130936e-02	
   6.9757542e-01	
  -6.9031850e-01	
  -6.6154136e-01	
  -5.5039090e-01	
  -1.6551433e-01	
   6.2172869e-01	
  -4.0441879e-01	
   2.3270152e-01	
   5.4528571e-01	
  -1.4953289e-01	
   6.3611414e-01	
  -4.5611772e-01	
   1.0559063e-01	
   6.6814463e-01	
  -5.7547786e-01	
  -2.4621326e-01	
   5.2679738e-01	
  -9.2901369e-02	
   6.7534103e-01	
  -6.0310145e-01	
  -3.3923208e-01	
   3.7120476e-01	
   3.0630575e-01	
   4.3193365e-01	
   1.6695233e-01	
   6.2036263e-01	
  -3.9957084e-01	
   2.4383779e-01	
   5.3012322e-01	
  -1.0294468e-01	
   6.6972120e-01	
  -5.8150426e-01	
  -2.6613451e-01	
   4.9763564e-01	
  -7.5464091e-03	
   6.9983733e-01	
  -6.9934940e-01	
  -6.9739836e-01	
  -6.8961229e-01	
  -6.5875700e-01	
  -5.3988751e-01	
  -1.3279544e-01	
   6.4961545e-01	
  -5.0571493e-01	
  -3.0707088e-02	
   6.9730598e-01	
  -6.8924464e-01	
  -6.5730862e-01	
  -5.3444136e-01	
  -1.1607840e-01	
   6.6150239e-01	
  -5.5024401e-01	
  -1.6505245e-01	
   6.2216493e-01	
  -4.0596916e-01	
   2.2911177e-01	
   5.5002226e-01	
  -1.6435569e-01	
   6.2282069e-01	
  -4.0830179e-01	
   2.2368497e-01	
   5.5704294e-01	
  -1.8656239e-01	
   6.0055576e-01	
  -3.3047776e-01	
   3.8795576e-01	
   2.6997233e-01	
   4.9175696e-01	
   9.0716913e-03	
   6.9976491e-01	
  -6.9905978e-01	
  -6.9624119e-01	
  -6.8500464e-01	
  -6.4066057e-01	
  -4.7270236e-01	
   6.1578811e-02	
   6.8916587e-01	
  -6.5699888e-01	
  -5.3327821e-01	
  -1.1253009e-01	
   6.6382003e-01	
  -5.5902010e-01	
  -1.9286668e-01	
   5.9372139e-01	
  -3.0715743e-01	
   4.3044108e-01	
   1.7062992e-01	
   6.1681552e-01	
  -3.8703252e-01	
   2.7201687e-01	
   4.8859090e-01	
   1.7939811e-02	
   6.9908051e-01	
  -6.9632442e-01	
  -6.8533579e-01	
  -6.4195711e-01	
  -4.7745368e-01	
   4.8680273e-02	
   6.9322926e-01	
  -6.7304801e-01	
  -5.9426704e-01	
  -3.0900908e-01	
   4.2718129e-01	
   1.7861754e-01	
   6.0884506e-01	
  -3.5912091e-01	
   3.3152070e-01	
   3.8598290e-01	
   2.7433485e-01	
   4.8497253e-01	
   2.8004706e-02	
   6.9775929e-01	
  -6.9105146e-01	
  -6.6443415e-01	
  -5.6135025e-01	
  -2.0032565e-01	
   5.8534194e-01	
  -2.7892911e-01	
   4.7771031e-01	
   4.7979587e-02	
   6.9342277e-01	
  -6.7381466e-01	
  -5.9721725e-01	
  -3.1905231e-01	
   4.0915913e-01	
   2.2168227e-01	
   5.5959132e-01	
  -1.9469274e-01	
   5.9169937e-01	
  -3.0030900e-01	
   4.4232733e-01	
   1.4099008e-01	
   6.4320514e-01	
  -4.8203672e-01	
   3.6116321e-02	
   6.9627320e-01	
  -6.8513250e-01	
  -6.4116109e-01	
  -4.7453540e-01	
   5.6617854e-02	
   6.9084123e-01	
  -6.6360454e-01	
  -5.5820238e-01	
  -1.9025649e-01	
   5.9657860e-01	
  -3.1687435e-01	
   4.1311631e-01	
   2.1238545e-01	
   5.7112119e-01	
  -2.3194121e-01	
   5.4629521e-01	
  -1.5268134e-01	
   6.3339556e-01	
  -4.4625695e-01	
   1.3101377e-01	
   6.5095827e-01	
  -5.1070476e-01	
  -4.5197832e-02	
   6.9416336e-01	
  -6.7675076e-01	
  -6.0854696e-01	
  -3.5808363e-01	
   3.3364627e-01	
   3.8194331e-01	
   2.8319802e-01	
   4.7085393e-01	
   6.6561608e-02	
   6.8734160e-01	
  -6.4982422e-01	
  -5.0648960e-01	
  -3.2947453e-02	
   6.9689852e-01	
  -6.8762158e-01	
  -6.5092364e-01	
  -5.1057552e-01	
  -4.4820714e-02	
   6.9426035e-01	
  -6.7713553e-01	
  -6.1003533e-01	
  -3.6326560e-01	
   3.2296623e-01	
   4.0197945e-01	
   2.3832146e-01	
   5.3772250e-01	
  -1.2612998e-01	
   6.5454645e-01	
  -5.2408873e-01	
  -8.4768250e-02	
   6.7946963e-01	
  -6.1908277e-01	
  -3.9503810e-01	
   2.5412851e-01	
   5.1548199e-01	
  -5.9204806e-02	
   6.8998518e-01	
  -6.6022728e-01	
  -5.4542829e-01	
  -1.4997686e-01	
   6.3573422e-01	
  -4.5473715e-01	
   1.0918349e-01	
   6.6593991e-01	
  -5.6707417e-01	
  -2.1877995e-01	
   5.6324395e-01	
  -2.0641070e-01	
   5.7827049e-01	
  -2.5541930e-01	
   5.1360295e-01	
  -5.3680000e-02	
   6.9176709e-01	
  -6.6726198e-01	
  -5.7210970e-01	
  -2.3516967e-01	
   5.4198650e-01	
  -1.3928391e-01	
   6.4457150e-01	
  -4.8706408e-01	
   2.2196259e-02	
   6.9859240e-01	
  -6.9437523e-01	
  -6.7759086e-01	
  -6.1179775e-01	
  -3.6941812e-01	
   3.1008663e-01	
   4.2527506e-01	
   1.8326032e-01	
   6.0404473e-01	
  -3.4248580e-01	
   3.6486727e-01	
   3.1963390e-01	
   4.0809759e-01	
   2.2416097e-01	
   5.5643387e-01	
  -1.8462472e-01	
   6.0261072e-01	
  -3.3754194e-01	
   3.7447288e-01	
   2.9934303e-01	
   4.4398213e-01	
   1.3679962e-01	
   6.4653105e-01	
  -4.9429257e-01	
   1.9284563e-03	
   6.9998942e-01	
  -6.9995765e-01	
  -6.9983014e-01	
  -6.9932019e-01	
  -6.9728159e-01	
  -6.8914701e-01	
  -6.5692412e-01	
  -5.3299758e-01	
  -1.1167513e-01	
   6.6436770e-01	
  -5.6109840e-01	
  -1.9951798e-01	
   5.8626463e-01	
  -2.8201776e-01	
   4.7276010e-01	
   6.1422501e-02	
   6.8922081e-01	
  -6.5721521e-01	
  -5.3409052e-01	
  -1.1500730e-01	
   6.6220957e-01	
  -5.5291861e-01	
  -1.7348251e-01	
   6.1401102e-01	
  -3.7717011e-01	
   2.9355082e-01	
   4.5379403e-01	
   1.1163134e-01	
   6.6439557e-01	
  -5.6120420e-01	
  -1.9985723e-01	
   5.8587753e-01	
  -2.8072136e-01	
   4.7484451e-01	
   5.5779114e-02	
   6.9111057e-01	
  -6.6466804e-01	
  -5.6223843e-01	
  -2.0317695e-01	
   5.8205477e-01	
  -2.6796505e-01	
   4.9484225e-01	
   3.7468007e-04	
   6.9999964e-01	
  -6.9999855e-01	
  -6.9999374e-01	
  -6.9997448e-01	
  -6.9989745e-01	
  -6.9958934e-01	
  -6.9835738e-01	
  -6.9343675e-01	
  -6.7386960e-01	
  -5.9742881e-01	
  -3.1977441e-01	
   4.0784111e-01	
   2.2475891e-01	
   5.5566694e-01	
  -1.8218787e-01	
   6.0516464e-01	
  -3.4635498e-01	
   3.5725226e-01	
   3.3534517e-01	
   3.7869602e-01	
   2.9025518e-01	
   4.5929120e-01	
   9.7290226e-02	
   6.7295604e-01	
  -5.9391382e-01	
  -3.0780997e-01	
   4.2929453e-01	
   1.7344626e-01	
   6.1404683e-01	
  -3.7729576e-01	
   2.9327996e-01	
   4.5424816e-01	
   1.1045314e-01	
   6.6514316e-01	
  -5.6404408e-01	
  -2.0898741e-01	
   5.7521230e-01	
  -2.4534057e-01	
   5.2802302e-01	
  -9.6595200e-02	
   6.7334113e-01	
  -5.9539507e-01	
  -3.1284329e-01	
   4.2036897e-01	
   1.9511405e-01	
   5.9123001e-01	
  -2.9872266e-01	
   4.4504237e-01	
   1.3410651e-01	
   6.4861555e-01	
  -5.0200612e-01	
  -2.0028699e-02	
   6.9885390e-01	
  -6.9541938e-01	
  -6.8173701e-01	
  -6.2790055e-01	
  -4.2645416e-01	
   1.8039124e-01	
   6.0702571e-01	
  -3.5280061e-01	
   3.4437658e-01	
   3.6115647e-01	
   3.2733141e-01	
   3.9386897e-01	
   2.5676351e-01	
   5.1163571e-01	
  -4.7917445e-02	
   6.9343982e-01	
  -6.7388226e-01	
  -5.9747756e-01	
  -3.1994084e-01	
   4.0753692e-01	
   2.2546758e-01	
   5.5475533e-01	
  -1.7929566e-01	
   6.0815174e-01	
  -3.5671011e-01	
   3.3645135e-01	
   3.7657281e-01	
   2.9483690e-01	
   4.5163198e-01	
   1.1722439e-01	
   6.6073842e-01	
  -5.4735787e-01	
  -1.5600146e-01	
   6.3046737e-01	
  -4.3568314e-01	
   1.5765797e-01	
   6.2898276e-01	
  -4.3034090e-01	
   1.7087656e-01	
   6.1657486e-01	
  -3.8618444e-01	
   2.7389045e-01	
   4.8566861e-01	
   2.6074260e-02	
   6.9805756e-01	
  -6.9224099e-01	
  -6.6913551e-01	
  -5.7926336e-01	
  -2.5870259e-01	
   5.0878005e-01	
  -3.9591868e-02	
   6.9552144e-01	
  -6.8214306e-01	
  -6.2948283e-01	
  -4.3213853e-01	
   1.6644682e-01	
   6.2084416e-01	
  -4.0127849e-01	
   2.3993044e-01	
   5.3552394e-01	
  -1.1938828e-01	
   6.5927563e-01	
  -5.4184100e-01	
  -1.3883301e-01	
   6.4492980e-01	
  -4.8838412e-01	
   1.8517283e-02	
   6.9902035e-01	
  -6.9608414e-01	
  -6.8437989e-01	
  -6.3821619e-01	
  -4.6377073e-01	
   8.5476604e-02	
   6.7912502e-01	
  -6.1774512e-01	
  -3.9031111e-01	
   2.6473521e-01	
   4.9975790e-01	
  -1.3594186e-02	
   6.9947205e-01	
  -6.9788895e-01	
  -6.9156806e-01	
  -6.6647490e-01	
  -5.6911041e-01	
  -2.2539009e-01	
   5.5485530e-01	
  -1.7961259e-01	
   6.0782674e-01	
  -3.5558098e-01	
   3.3874924e-01	
   3.7213985e-01	
   3.0431979e-01	
   4.3539844e-01	
   1.5836626e-01	
   6.2834323e-01	
  -4.2804348e-01	
   1.7651106e-01	
   6.1098242e-01	
  -3.6657003e-01	
   3.1607566e-01	
   4.1456048e-01	
   2.0897029e-01	
   5.7523263e-01	
  -2.4540737e-01	
   5.2792936e-01	
  -9.6312610e-02	
   6.7349688e-01	
  -5.9599442e-01	
  -3.1488345e-01	
   4.1670993e-01	
   2.0386521e-01	
   5.8125420e-01	
  -2.6530414e-01	
   4.9889648e-01	
  -1.1136304e-02	
   6.9964572e-01	
  -6.9858319e-01	
  -6.9433802e-01	
  -6.7744322e-01	
  -6.1122618e-01	
  -3.6742086e-01	
   3.1429140e-01	
   4.1777402e-01	
   2.0132819e-01	
   5.8419131e-01	
  -2.7508426e-01	
   4.8379629e-01	
   3.1260392e-02	
   6.9720799e-01	
  -6.8885425e-01	
  -6.5577147e-01	
  -5.2867450e-01	
  -9.8561752e-02	
   6.7224460e-01	
  -5.9117943e-01	
  -2.9855137e-01	
   4.4533469e-01	
   1.3336290e-01	
   6.4918383e-01	
  -5.0411326e-01	
  -2.6085940e-02	
   6.9805583e-01	
  -6.9223413e-01	
  -6.6910834e-01	
  -5.7915949e-01	
  -2.5835880e-01	
   5.0928795e-01	
  -4.1069232e-02	
   6.9518096e-01	
  -6.8079021e-01	
  -6.2421469e-01	
  -4.1326812e-01	
   2.1202728e-01	
   5.7155550e-01	
  -2.3335913e-01	
   5.4441018e-01	
  -1.4680699e-01	
   6.3842213e-01	
  -4.6452229e-01	
   8.3483228e-02	
   6.8008731e-01	
  -6.2148211e-01	
  -4.0354247e-01	
   2.3472444e-01	
   5.4258410e-01	
  -1.4113574e-01	
   6.4308782e-01	
  -4.8160556e-01	
   3.7303409e-02	
   6.9602420e-01	
  -6.8414191e-01	
  -6.3728570e-01	
  -4.6037976e-01	
   9.4430222e-02	
   6.7452268e-01	
  -5.9994528e-01	
  -3.2838342e-01	
   3.9189827e-01	
   2.6118782e-01	
   5.0508835e-01	
  -2.8897854e-02	
   6.9761409e-01	
  -6.9047262e-01	
  -6.6214937e-01	
  -5.5269037e-01	
  -1.7276151e-01	
   6.1472428e-01	
  -3.7967413e-01	
   2.8813610e-01	
   4.6279309e-01	
   8.8064393e-02	
   6.7784190e-01	
  -6.1277043e-01	
  -3.7282133e-01	
   3.0286953e-01	
   4.3791440e-01	
   1.5208849e-01	
   6.3391169e-01	
  -4.4812580e-01	
   1.2623816e-01	
   6.5446837e-01	
  -5.2379669e-01	
  -8.3893894e-02	
   6.7989097e-01	
  -6.2071922e-01	
  -4.0083490e-01	
   2.4094706e-01	
   5.3412716e-01	
  -1.1511953e-01	
   6.6213579e-01	
  -5.5263943e-01	
  -1.7260064e-01	
   6.1488304e-01	
  -3.8023185e-01	
   2.8692521e-01	
   4.6478263e-01	
   8.2791712e-02	
   6.8041583e-01	
  -6.2275912e-01	
  -4.0808224e-01	
   2.2419707e-01	
   5.5638763e-01	
  -1.8447772e-01	
   6.0276574e-01	
  -3.3807583e-01	
   3.7344228e-01	
   3.0154529e-01	
   4.4020123e-01	
   1.4635105e-01	
   6.3880392e-01	
  -4.6591555e-01	
   7.9779415e-02	
   6.8181501e-01	
  -6.2820484e-01	
  -4.2754622e-01	
   1.7772662e-01	
   6.0975212e-01	
  -3.6227903e-01	
   3.2501137e-01	
   3.9819314e-01	
   2.4697776e-01	
   5.2571994e-01	
  -8.9661321e-02	
   6.7703106e-01	
  -6.0963162e-01	
  -3.6185877e-01	
   3.2588089e-01	
   3.9657611e-01	
   2.5064965e-01	
   5.2049927e-01	
  -7.4055715e-02	
   6.8433079e-01	
  -6.3802465e-01	
  -4.6307230e-01	
   8.7326144e-02	
   6.7821187e-01	
  -6.1420379e-01	
  -3.7784615e-01	
   2.9209247e-01	
   4.5623423e-01	
   1.0528661e-01	
   6.6832781e-01	
  -5.7617732e-01	
  -2.4851479e-01	
   5.2354414e-01	
  -8.3138510e-02	
   6.8025147e-01	
  -6.2212017e-01	
  -4.0580962e-01	
   2.2948183e-01	
   5.4953739e-01	
  -1.6283242e-01	
   6.2424469e-01	
  -4.1337553e-01	
   2.1177359e-01	
   5.7186269e-01	
  -2.3436268e-01	
   5.4306909e-01	
  -1.4264011e-01	
   6.4186809e-01	
  -4.7712756e-01	
   4.9569707e-02	
   6.9297959e-01	
  -6.7205913e-01	
  -5.9046664e-01	
  -2.9614491e-01	
   4.4942357e-01	
   1.2290984e-01	
   6.5683764e-01	
  -5.3267341e-01	
  -1.1068811e-01	
   6.6499477e-01	
  -5.6348015e-01	
  -2.0717074e-01	
   5.7737237e-01	
  -2.5245389e-01	
   5.1790596e-01	
  -6.6361705e-02	
   6.8741755e-01	
  -6.5012257e-01	
  -5.0759774e-01	
  -3.6158157e-02	
   6.9626459e-01	
  -6.8509822e-01	
  -6.4102689e-01	
  -4.7404378e-01	
   5.7950276e-02	
   6.9040507e-01	
  -6.6188329e-01	
  -5.5168383e-01	
  -1.6958553e-01	
   6.1783082e-01	
  -3.9061410e-01	
   2.6405917e-01	
   5.0077927e-01	
  -1.6513970e-02	
   6.9922087e-01	
  -6.9688521e-01	
  -6.8756811e-01	
  -6.5071354e-01	
  -5.0979417e-01	
  -4.2542830e-02	
   6.9482893e-01	
  -6.7939214e-01	
  -6.1878148e-01	
  -3.9397252e-01	
   2.5653067e-01	
   5.1197716e-01	
  -4.8916065e-02	
   6.9316355e-01	
  -6.7278770e-01	
  -5.9326608e-01	
  -3.0561286e-01	
   4.3314526e-01	
   1.6395765e-01	
   6.2319397e-01	
  -4.0963065e-01	
   2.2057947e-01	
   5.6098484e-01	
  -1.9915427e-01	
   5.8667892e-01	
  -2.8340616e-01	
   4.7051716e-01	
   6.7467394e-02	
   6.8699474e-01	
  -6.4846219e-01	
  -5.0143733e-01	
  -1.8397979e-02	
   6.9903295e-01	
  -6.9613445e-01	
  -6.8458003e-01	
  -6.3899900e-01	
  -4.6662735e-01	
   7.7882905e-02	
   6.8266931e-01	
  -6.3153540e-01	
  -4.3953376e-01	
   1.4802906e-01	
   6.3739257e-01	
  -4.6076938e-01	
   9.3404791e-02	
   6.7507300e-01	
  -6.0206730e-01	
  -3.3567115e-01	
   3.7807127e-01	
   2.9160601e-01	
   4.5704551e-01	
   1.0316969e-01	
   6.6958862e-01	
  -5.8099693e-01	
  -2.6444944e-01	
   5.0019014e-01	
  -1.4829084e-02	
   6.9937175e-01	
  -6.9748814e-01	
  -6.8997013e-01	
  -6.6016749e-01	
  -5.4520275e-01	
  -1.4927407e-01	
   6.3633512e-01	
  -4.5692106e-01	
   1.0349496e-01	
   6.6939657e-01	
  -5.8026218e-01	
  -2.6201164e-01	
   5.0385703e-01	
  -2.5348322e-02	
   6.9816422e-01	
  -6.9266653e-01	
  -6.7081932e-01	
  -5.8570973e-01	
  -2.8015931e-01	
   4.7574521e-01	
   5.3332838e-02	
   6.9187319e-01	
  -6.6768146e-01	
  -5.7370965e-01	
  -2.4040752e-01	
   5.3486936e-01	
  -1.1738641e-01	
   6.6062989e-01	
  -5.4694816e-01	
  -1.5472048e-01	
   6.3160460e-01	
  -4.3978393e-01	
   1.4740053e-01	
   6.3792310e-01	
  -4.6270252e-01	
   8.8304227e-02	
   6.7772105e-01	
  -6.1230237e-01	
  -3.7118302e-01	
   3.0635212e-01	
   4.3185250e-01	
   1.6715260e-01	
   6.2017144e-01	
  -3.9889321e-01	
   2.4538368e-01	
   5.2796242e-01	
  -9.6412346e-02	
   6.7344195e-01	
  -5.9578306e-01	
  -3.1416378e-01	
   4.1800338e-01	
   2.0078048e-01	
   5.8482056e-01	
  -2.7718597e-01	
   4.8047998e-01	
   4.0397060e-02	
   6.9533740e-01	
  -6.8141168e-01	
  -6.2663346e-01	
  -4.2191243e-01	
   1.9139995e-01	
   5.9533159e-01	
  -3.1262772e-01	
   4.2075421e-01	
   1.9418824e-01	
   5.9225978e-01	
  -3.0220470e-01	
   4.3906394e-01	
   1.4920814e-01	
   6.3639123e-01	
  -4.5712516e-01	
   1.0296196e-01	
   6.6971097e-01	
  -5.8146508e-01	
  -2.6600432e-01	
   4.9783360e-01	
  -8.1094191e-03	
   6.9981215e-01	
  -6.9924870e-01	
  -6.9699592e-01	
  -6.8800901e-01	
  -6.5244639e-01	
  -5.1624611e-01	
  -6.1456987e-02	
   6.8920874e-01	
  -6.5716770e-01	
  -5.3391210e-01	
  -1.1446290e-01	
   6.6256650e-01	
  -5.5426963e-01	
  -1.7775629e-01	
   6.0972211e-01	
  -3.6217445e-01	
   3.2522783e-01	
   3.9779100e-01	
   2.4789232e-01	
   5.2442684e-01	
  -8.5781472e-02	
   6.7897590e-01	
  -6.1716648e-01	
  -3.8826951e-01	
   2.6927678e-01	
   4.9282861e-01	
   6.0570009e-03	
   6.9989522e-01	
  -6.9958090e-01	
  -6.9832362e-01	
  -6.9330203e-01	
  -6.7333585e-01	
  -5.9537430e-01	
  -3.1277263e-01	
   4.2049528e-01	
   1.9481060e-01	
   5.9156807e-01	
  -2.9986511e-01	
   4.4308851e-01	
   1.3906447e-01	
   6.4474593e-01	
  -4.8770661e-01	
   2.0406765e-02	
   6.9881022e-01	
  -6.9524491e-01	
  -6.8104376e-01	
  -6.2520125e-01	
  -4.1678990e-01	
   2.0367505e-01	
   5.8147563e-01	
  -2.6603974e-01	
   4.9777973e-01	
  -7.9562031e-03	
   6.9981919e-01	
  -6.9927682e-01	
  -6.9710830e-01	
  -6.8845663e-01	
  -6.5420677e-01	
  -5.2281812e-01	
  -8.0967656e-02	
   6.8126933e-01	
  -6.2607969e-01	
  -4.1993038e-01	
   1.9616731e-01	
   5.9005252e-01	
  -2.9474851e-01	
   4.5178107e-01	
   1.1683958e-01	
   6.6099577e-01	
  -5.4832971e-01	
  -1.5904386e-01	
   6.2772883e-01	
  -4.2583850e-01	
   1.8189047e-01	
   6.0547386e-01	
  -3.4742458e-01	
   3.5513208e-01	
   3.3966057e-01	
   3.7037341e-01	
   3.0806724e-01	
   4.2884163e-01	
   1.7455670e-01	
   6.1294272e-01	
  -3.7342512e-01	
   3.0158216e-01	
   4.4013770e-01	
   1.4651086e-01	
   6.3867021e-01	
  -4.6542751e-01	
   8.1078098e-02	
   6.8121813e-01	
  -6.2588042e-01	
  -4.1921757e-01	
   1.9787631e-01	
   5.8812846e-01	
  -2.8827171e-01	
   4.6256996e-01	
   8.8654367e-02	
   6.7754402e-01	
  -6.1161687e-01	
  -3.6878588e-01	
   3.1142014e-01	
   4.2290709e-01	
   1.8899881e-01	
   5.9794129e-01	
  -3.2152510e-01	
   4.0463336e-01	
   2.3220524e-01	
   5.4594493e-01	
  -1.5158822e-01	
   6.3434586e-01	
  -4.4969904e-01	
   1.2220249e-01	
   6.5733302e-01	
  -5.3453342e-01	
  -1.1635959e-01	
   6.6131564e-01	
  -5.4953822e-01	
  -1.6283466e-01	
   6.2424260e-01	
  -4.1336809e-01	
   2.1179117e-01	
   5.7184141e-01	
  -2.3429316e-01	
   5.4316219e-01	
  -1.4292905e-01	
   6.4163235e-01	
  -4.7626306e-01	
   5.1924549e-02	
   6.9229671e-01	
  -6.6935639e-01	
  -5.8010805e-01	
  -2.6150064e-01	
   5.0462135e-01	
  -2.7550606e-02	
   6.9783137e-01	
  -6.9133894e-01	
  -6.6556961e-01	
  -5.6566501e-01	
  -2.1421937e-01	
   5.6888603e-01	
  -2.2466092e-01	
   5.5579291e-01	
  -1.8258789e-01	
   6.0474772e-01	
  -3.4491377e-01	
   3.6009877e-01	
   3.2951106e-01	
   3.8977845e-01	
   2.6592214e-01	
   4.9795831e-01	
  -8.4642492e-03	
   6.9979535e-01	
  -6.9918151e-01	
  -6.9672746e-01	
  -6.8693997e-01	
  -6.4824676e-01	
  -5.0063918e-01	
  -1.6112786e-02	
   6.9925827e-01	
  -6.9703464e-01	
  -6.8816323e-01	
  -6.5305276e-01	
  -5.1850788e-01	
  -6.8143752e-02	
   6.8673272e-01	
  -6.4743379e-01	
  -4.9762960e-01	
  -7.5288811e-03	
   6.9983809e-01	
  -6.9935243e-01	
  -6.9741043e-01	
  -6.8966039e-01	
  -6.5894654e-01	
  -5.4060113e-01	
  -1.3499847e-01	
   6.4792985e-01	
  -4.9946599e-01	
  -1.2760472e-02	
   6.9953482e-01	
  -6.9813988e-01	
  -6.9256895e-01	
  -6.7043310e-01	
  -5.8422968e-01	
  -2.7521196e-01	
   4.8359553e-01	
   3.1815325e-02	
   6.9710799e-01	
  -6.8845585e-01	
  -6.5420369e-01	
  -5.2280660e-01	
  -8.0933230e-02	
   6.8128526e-01	
  -6.2614170e-01	
  -4.2015223e-01	
   1.9563485e-01	
   5.9064859e-01	
  -2.9675929e-01	
   4.4838281e-01	
   1.2557958e-01	
   6.5494221e-01	
  -5.2556942e-01	
  -8.9208827e-02	
   6.7726232e-01	
  -6.1052641e-01	
  -3.6497815e-01	
   3.1940293e-01	
   4.0851931e-01	
   2.2317703e-01	
   5.5769146e-01	
  -1.8862792e-01	
   5.9834158e-01	
  -3.2289326e-01	
   4.0211431e-01	
   2.3801164e-01	
   5.3814416e-01	
  -1.2742612e-01	
   6.5360748e-01	
  -5.2057924e-01	
  -7.4293239e-02	
   6.8423010e-01	
  -6.3763097e-01	
  -4.6163745e-01	
   9.1117037e-02	
   6.7627911e-01	
  -6.0672411e-01	
  -3.5175431e-01	
   3.4648281e-01	
   3.5699901e-01	
   3.3586199e-01	
   3.7770489e-01	
   2.9239717e-01	
   4.5572540e-01	
   1.0661244e-01	
   6.6752512e-01	
  -5.7311368e-01	
  -2.3845474e-01	
   5.3754111e-01	
  -1.2557270e-01	
   6.5494722e-01	
  -5.2558819e-01	
  -8.9265233e-02	
   6.7723356e-01	
  -6.1041511e-01	
  -3.6458990e-01	
   3.2021223e-01	
   4.0704034e-01	
   2.2662328e-01	
   5.5326254e-01	
  -1.7456981e-01	
   6.1292977e-01	
  -3.7337975e-01	
   3.0167897e-01	
   4.3997082e-01	
   1.4693047e-01	
   6.3831840e-01	
  -4.6414396e-01	
   8.4487112e-02	
   6.7960553e-01	
  -6.1961047e-01	
  -3.9690569e-01	
   2.4990272e-01	
   5.2156748e-01	
  -7.7236151e-02	
   6.8295601e-01	
  -6.3265401e-01	
  -4.4357413e-01	
   1.3783451e-01	
   6.4571900e-01	
  -4.9129437e-01	
   1.0371283e-02	
   6.9969271e-01	
  -6.9877112e-01	
  -6.9508831e-01	
  -6.8042168e-01	
  -6.2278145e-01	
  -4.0816170e-01	
   2.2401173e-01	
   5.5662497e-01	
  -1.8523246e-01	
   6.0196851e-01	
  -3.3533168e-01	
   3.7872210e-01	
   2.9019876e-01	
   4.5938479e-01	
   9.7044596e-02	
   6.7309243e-01	
  -5.9443835e-01	
  -3.0959091e-01	
   4.2615295e-01	
   1.8112473e-01	
   6.0626808e-01	
  -3.5017427e-01	
   3.4965157e-01	
   3.5069648e-01	
   3.4860563e-01	
   3.5278315e-01	
   3.4441153e-01	
   3.6108769e-01	
   3.2747336e-01	
   3.9360340e-01	
   2.5736100e-01	
   5.1075802e-01	
  -4.5353610e-02	
   6.9412307e-01	
  -6.7659091e-01	
  -6.0792885e-01	
  -3.5593527e-01	
   3.3802904e-01	
   3.7353247e-01	
   3.0135283e-01	
   4.4053277e-01	
   1.4551677e-01	
   6.3949964e-01	
  -4.6845650e-01	
   7.2996008e-02	
   6.8477596e-01	
  -6.3976608e-01	
  -4.6942997e-01	
   7.0387444e-02	
   6.8584461e-01	
  -6.4395095e-01	
  -4.8477907e-01	
   2.8541018e-02	
   6.9767264e-01	
  -6.9070600e-01	
  -6.6307034e-01	
  -5.5617747e-01	
  -1.8380930e-01	
   6.0346909e-01	
  -3.4049983e-01	
   3.6874266e-01	
   3.1151096e-01	
   4.2274546e-01	
   1.8938932e-01	
   5.9751909e-01	
  -3.2008304e-01	
   4.0727688e-01	
   2.2607294e-01	
   5.5397435e-01	
  -1.7682169e-01	
   6.1066894e-01	
  -3.6547589e-01	
   3.1836415e-01	
   4.1041217e-01	
   2.1874811e-01	
   5.6328360e-01	
  -2.0653832e-01	
   5.7811990e-01	
  -2.5492181e-01	
   5.1432836e-01	
  -5.5810492e-02	
   6.9110060e-01	
  -6.6462869e-01	
  -5.6208895e-01	
  -2.0269676e-01	
   5.8261162e-01	
  -2.6981801e-01	
   4.9199515e-01	
   8.4021832e-03	
   6.9979833e-01	
  -6.9919344e-01	
  -6.9677516e-01	
  -6.8712987e-01	
  -6.4899227e-01	
  -5.0340232e-01	
  -2.4039377e-02	
   6.9834894e-01	
  -6.9340351e-01	
  -6.7373788e-01	
  -5.9692163e-01	
  -3.1804372e-01	
   4.1099502e-01	
   2.1738024e-01	
   5.6498808e-01	
  -2.1203296e-01	
   5.7154876e-01	
  -2.3333715e-01	
   5.4443950e-01	
  -1.4689821e-01	
   6.3834556e-01	
  -4.6424304e-01	
   8.4224304e-02	
   6.7973221e-01	
  -6.2010250e-01	
  -3.9864848e-01	
   2.4594135e-01	
   5.2717957e-01	
  -9.4052295e-02	
   6.7472626e-01	
  -6.0073008e-01	
  -3.3107569e-01	
   3.8682558e-01	
   2.7247415e-01	
   4.8787950e-01	
   1.9924535e-02	
   6.9886579e-01	
  -6.9546682e-01	
  -6.8192551e-01	
  -6.2863496e-01	
  -4.2909075e-01	
   1.7394633e-01	
   6.1355049e-01	
  -3.7555489e-01	
   2.9702457e-01	
   4.4793255e-01	
   1.2673264e-01	
   6.5411098e-01	
  -5.2246048e-01	
  -7.9899525e-02	
   6.8176025e-01	
  -6.2799156e-01	
  -4.2678074e-01	
   1.7959513e-01	
   6.0784454e-01	
  -3.5564281e-01	
   3.3862363e-01	
   3.7238294e-01	
   3.0380269e-01	
   4.3629693e-01	
   1.5612854e-01	
   6.3035395e-01	
  -4.3527457e-01	
   1.5867469e-01	
   6.2806385e-01	
  -4.2704054e-01	
   1.7896134e-01	
   6.0849382e-01	
  -3.5789925e-01	
   3.3402344e-01	
   3.8122380e-01	
   2.8476686e-01	
   4.6830807e-01	
   7.3392965e-02	
   6.8460994e-01	
  -6.3911649e-01	
  -4.6705639e-01	
   7.6738363e-02	
   6.8317494e-01	
  -6.3350858e-01	
  -4.4666564e-01	
   1.2997114e-01	
   6.5173572e-01	
  -5.1359845e-01	
  -5.3666448e-02	
   6.9177123e-01	
  -6.6727841e-01	
  -5.7217234e-01	
  -2.3537448e-01	
   5.4171116e-01	
  -1.3843142e-01	
   6.4524794e-01	
  -4.8955685e-01	
   1.5240582e-02	
   6.9933640e-01	
  -6.9734682e-01	
  -6.8940693e-01	
  -6.5794788e-01	
  -5.3684362e-01	
  -1.2343129e-01	
   6.5647072e-01	
  -5.3129656e-01	
  -1.0650262e-01	
   6.6759205e-01	
  -5.7336901e-01	
  -2.3929113e-01	
   5.3639943e-01	
  -1.2206960e-01	
   6.5742584e-01	
  -5.3488209e-01	
  -1.1742493e-01	
   6.6060404e-01	
  -5.4685058e-01	
  -1.5441552e-01	
   6.3187396e-01	
  -4.4075627e-01	
   1.4495428e-01	
   6.3996645e-01	
  -4.7016301e-01	
   6.8419562e-02	
   6.8662506e-01	
  -6.4701133e-01	
  -4.9606720e-01	
  -3.0929944e-03	
   6.9997271e-01	
  -6.9989083e-01	
  -6.9956288e-01	
  -6.9825161e-01	
  -6.9301471e-01	
  -6.7219777e-01	
  -5.9099909e-01	
  -2.9794228e-01	
   4.4637274e-01	
   1.3071818e-01	
   6.5117932e-01	
  -5.1152713e-01	
  -4.7599715e-02	
   6.9352654e-01	
  -6.7422587e-01	
  -5.9880104e-01	
  -3.2446444e-01	
   3.9920826e-01	
   2.4466500e-01	
   5.2896867e-01	
  -9.9451004e-02	
   6.7174150e-01	
  -5.8924755e-01	
  -2.9203586e-01	
   4.5632892e-01	
   1.0503975e-01	
   6.6847617e-01	
  -5.7674394e-01	
  -2.5038129e-01	
   5.2088362e-01	
  -7.5199291e-02	
   6.8384312e-01	
  -6.3611831e-01	
  -4.5613244e-01	
   1.0555227e-01	
   6.6816778e-01	
  -5.7556621e-01	
  -2.4650382e-01	
   5.2638836e-01	
  -9.1670573e-02	
   6.7599009e-01	
  -6.0560743e-01	
  -3.4788636e-01	
   3.5421472e-01	
   3.4151978e-01	
   3.6675493e-01	
   3.1568803e-01	
   4.1526016e-01	
   2.0731138e-01	
   5.7720567e-01	
  -2.5190400e-01	
   5.1869836e-01	
  -6.8708596e-02	
   6.8651187e-01	
  -6.4656726e-01	
  -4.9442591e-01	
   1.5518002e-03	
   6.9999317e-01	
  -6.9997264e-01	
  -6.9989007e-01	
  -6.9955984e-01	
  -6.9823943e-01	
  -6.9296612e-01	
  -6.7200537e-01	
  -5.9026016e-01	
  -2.9544834e-01	
   4.5060097e-01	
   1.1988218e-01	
   6.5893790e-01	
  -5.4056903e-01	
  -1.3489929e-01	
   6.4800632e-01	
  -4.9974913e-01	
  -1.3568818e-02	
   6.9947401e-01	
  -6.9789682e-01	
  -6.9159945e-01	
  -6.6659896e-01	
  -5.6958291e-01	
  -2.2692734e-01	
   5.5286867e-01	
  -1.7332507e-01	
   6.1416704e-01	
  -3.7771756e-01	
   2.9237006e-01	
   4.5577069e-01	
   1.0649449e-01	
   6.6759694e-01	
  -5.7338765e-01	
  -2.3935218e-01	
   5.3631595e-01	
  -1.2181373e-01	
   6.5760414e-01	
  -5.3555202e-01	
  -1.1947384e-01	
   6.5921724e-01	
  -5.4162106e-01	
  -1.3815215e-01	
   6.4546862e-01	
  -4.9037069e-01	
   1.2961970e-02	
   6.9952000e-01	
  -6.9808066e-01	
  -6.9233268e-01	
  -6.6949820e-01	
  -5.8065052e-01	
  -2.6329971e-01	
   5.0192379e-01	
  -1.9792827e-02	
   6.9888074e-01	
  -6.9552656e-01	
  -6.8216293e-01	
  -6.2956029e-01	
  -4.3241717e-01	
   1.6575852e-01	
   6.2149747e-01	
  -4.0359744e-01	
   2.3459770e-01	
   5.4275405e-01	
  -1.4166276e-01	
   6.4266200e-01	
  -4.8004124e-01	
   4.1601452e-02	
   6.9505523e-01	
  -6.8029076e-01	
  -6.2227245e-01	
  -4.0635104e-01	
   2.2822547e-01	
   5.5118037e-01	
  -1.6799945e-01	
   6.1936065e-01	
  -3.9602173e-01	
   2.5190535e-01	
   5.1869625e-01	
  -6.8702324e-02	
   6.8651433e-01	
  -6.4657692e-01	
  -4.9446159e-01	
   1.4509582e-03	
   6.9999402e-01	
  -6.9997610e-01	
  -6.9990391e-01	
  -6.9961520e-01	
  -6.9846075e-01	
  -6.9384928e-01	
  -6.7550473e-01	
  -6.0373281e-01	
  -3.4140903e-01	
   3.6697126e-01	
   3.1523453e-01	
   4.1607766e-01	
   2.0536963e-01	
   5.7949518e-01	
  -2.5947048e-01	
   5.0764321e-01	
  -3.6290359e-02	
   6.9623722e-01	
  -6.8498934e-01	
  -6.4060068e-01	
  -4.7248310e-01	
   6.2170899e-02	
   6.8895653e-01	
  -6.5617459e-01	
  -5.3018554e-01	
  -1.0313310e-01	
   6.6961027e-01	
  -5.8107972e-01	
  -2.6472430e-01	
   4.9977456e-01	
  -1.3641772e-02	
   6.9946834e-01	
  -6.9787415e-01	
  -6.9150905e-01	
  -6.6624172e-01	
  -5.6822251e-01	
  -2.2250485e-01	
   5.5854755e-01	
  -1.9135819e-01	
   5.9537740e-01	
  -3.1278355e-01	
   4.2047576e-01	
   1.9485749e-01	
   5.9151587e-01	
  -2.9968868e-01	
   4.4339074e-01	
   1.3829896e-01	
   6.4535257e-01	
  -4.8994269e-01	
   1.4160790e-02	
   6.9942711e-01	
  -6.9770933e-01	
  -6.9085184e-01	
  -6.6364601e-01	
  -5.5835965e-01	
  -1.9075822e-01	
   5.9603242e-01	
  -3.1501325e-01	
   4.1647633e-01	
   2.0442132e-01	
   5.8060549e-01	
  -2.6315070e-01	
   5.0214790e-01	
  -2.0435777e-02	
   6.9880685e-01	
  -6.9523145e-01	
  -6.8099028e-01	
  -6.2499315e-01	
  -4.1604653e-01	
   2.0544390e-01	
   5.7940800e-01	
  -2.5918182e-01	
   5.0807098e-01	
  -3.7531781e-02	
   6.9597538e-01	
  -6.8394780e-01	
  -6.3652697e-01	
  -4.5761839e-01	
   1.0167290e-01	
   6.7046464e-01	
  -5.8435099e-01	
  -2.7561699e-01	
   4.8295809e-01	
   3.3575615e-02	
   6.9677912e-01	
  -6.8714607e-01	
  -6.4905590e-01	
  -5.0363831e-01	
  -2.4718392e-02	
   6.9825434e-01	
  -6.9302605e-01	
  -6.7224270e-01	
  -5.9117170e-01	
  -2.9852528e-01	
   4.4537921e-01	
   1.3324960e-01	
   6.4927014e-01	
  -5.0443347e-01	
  -2.7008610e-02	
   6.9791586e-01	
  -6.9167586e-01	
  -6.6690095e-01	
  -5.7073350e-01	
  -2.3067602e-01	
   5.4796750e-01	
  -1.5790968e-01	
   6.2875591e-01	
  -4.2952571e-01	
   1.7287932e-01	
   6.1460783e-01	
  -3.7926511e-01	
   2.8902300e-01	
   4.6133057e-01	
   9.1925999e-02	
   6.7585604e-01	
  -6.0508969e-01	
  -3.4609542e-01	
   3.5776581e-01	
   3.3429606e-01	
   3.8070323e-01	
   2.8590011e-01	
   4.6646034e-01	
   7.8327853e-02	
   6.8247072e-01	
  -6.3076083e-01	
  -4.3674021e-01	
   1.5502308e-01	
   6.3133670e-01	
  -4.3881721e-01	
   1.4982728e-01	
   6.3586225e-01	
  -4.5520230e-01	
   1.0797419e-01	
   6.6669023e-01	
  -5.6993102e-01	
  -2.2806069e-01	
   5.5139534e-01	
  -1.6867667e-01	
   6.1870920e-01	
  -3.9371735e-01	
   2.5710492e-01	
   5.1113443e-01	
  -4.6452611e-02	
   6.9383479e-01	
  -6.7544774e-01	
  -6.0351282e-01	
  -3.4065025e-01	
   3.6844994e-01	
   3.1212752e-01	
   4.2164686e-01	
   1.9203975e-01	
   5.9463066e-01	
  -3.1024468e-01	
   4.2499515e-01	
   1.8394033e-01	
   6.0333129e-01	
  -3.4002471e-01	
   3.6966647e-01	
   3.0956199e-01	
   4.2620389e-01	
   1.8100065e-01	
   6.0639646e-01	
  -3.5061908e-01	
   3.4876098e-01	
   3.5247364e-01	
   3.4503521e-01	
   3.5985913e-01	
   3.3000401e-01	
   3.8884956e-01	
   2.6798860e-01	
   4.9480602e-01	
   4.7713209e-04	
   6.9999940e-01	
  -6.9999756e-01	
  -6.9998975e-01	
  -6.9995852e-01	
  -6.9983361e-01	
  -6.9933404e-01	
  -6.9733695e-01	
  -6.8936761e-01	
  -6.5779296e-01	
  -5.3626123e-01	
  -1.2164568e-01	
   6.5772103e-01	
  -5.3599128e-01	
  -1.2081869e-01	
   6.5829392e-01	
  -5.3814541e-01	
  -1.2742962e-01	
   6.5360493e-01	
  -5.2056972e-01	
  -7.4264903e-02	
   6.8424214e-01	
  -6.3767801e-01	
  -4.6180883e-01	
   9.0664865e-02	
   6.7651396e-01	
  -6.0763184e-01	
  -3.5490378e-01	
   3.4012396e-01	
   3.6947338e-01	
   3.0996976e-01	
   4.2548212e-01	
   1.8275702e-01	
   6.0457106e-01	
  -3.4430333e-01	
   3.6130082e-01	
   3.2703344e-01	
   3.9442607e-01	
   2.5550877e-01	
   5.1347218e-01	
  -5.3296260e-02	
   6.9188437e-01	
  -6.6772566e-01	
  -5.7387830e-01	
  -2.4096052e-01	
   5.3410881e-01	
  -1.1506348e-01	
   6.6217264e-01	
  -5.5277887e-01	
  -1.7304102e-01	
   6.1444813e-01	
  -3.7870430e-01	
   2.9023753e-01	
   4.5932048e-01	
   9.7213394e-02	
   6.7299874e-01	
  -5.9407802e-01	
  -3.0836732e-01	
   4.2831330e-01	
   1.7585059e-01	
   6.1164733e-01	
  -3.6889276e-01	
   3.1119487e-01	
   4.2330784e-01	
   1.8802992e-01	
   5.9898500e-01	
  -3.2509437e-01	
   3.9803919e-01	
   2.4732797e-01	
   5.2522535e-01	
  -8.8176215e-02	
   6.7778566e-01	
  -6.1255257e-01	
  -3.7205861e-01	
   3.0449276e-01	
   4.3509759e-01	
   1.5911453e-01	
   6.2766448e-01	
  -4.2560772e-01	
   1.8245187e-01	
   6.0488946e-01	
  -3.4540360e-01	
   3.5913264e-01	
   3.3149639e-01	
   3.8602897e-01	
   2.7423323e-01	
   4.8513179e-01	
   2.7563230e-02	
   6.9782937e-01	
  -6.9133094e-01	
  -6.6553801e-01	
  -5.6554481e-01	
  -2.1383087e-01	
   5.6936117e-01	
  -2.2620611e-01	
   5.5380242e-01	
  -1.7627749e-01	
   6.1121797e-01	
  -3.6739260e-01	
   3.1435072e-01	
   4.1766746e-01	
   2.0158251e-01	
   5.8389853e-01	
  -2.7410716e-01	
   4.8532950e-01	
   2.7015060e-02	
   6.9791485e-01	
  -6.9167182e-01	
  -6.6688497e-01	
  -5.7067261e-01	
  -2.3047743e-01	
   5.4822916e-01	
  -1.5872918e-01	
   6.2801452e-01	
  -4.2686356e-01	
   1.7939313e-01	
   6.0805172e-01	
  -3.5636259e-01	
   3.3715936e-01	
   3.7521017e-01	
   2.9776376e-01	
   4.4667639e-01	
   1.2994340e-01	
   6.5175633e-01	
  -5.1367518e-01	
  -5.3891652e-02	
   6.9170203e-01	
  -6.6700485e-01	
  -5.7112945e-01	
  -2.3196779e-01	
   5.4625999e-01	
  -1.5257138e-01	
   6.3349146e-01	
  -4.4660410e-01	
   1.3012822e-01	
   6.5161899e-01	
  -5.1316375e-01	
  -5.2391215e-02	
   6.9215766e-01	
  -6.6880637e-01	
  -5.7800515e-01	
  -2.5454234e-01	
   5.1488072e-01	
  -5.7434744e-02	
   6.9057506e-01	
  -6.6255405e-01	
  -5.5422204e-01	
  -1.7760558e-01	
   6.0987514e-01	
  -3.6270767e-01	
   3.2412348e-01	
   3.9983989e-01	
   2.4322300e-01	
   5.3097876e-01	
  -1.0553842e-01	
   6.6817620e-01	
  -5.7559839e-01	
  -2.4660967e-01	
   5.2623921e-01	
  -9.1222041e-02	
   6.7622447e-01	
  -6.0651295e-01	
  -3.5102236e-01	
   3.4795251e-01	
   3.5408298e-01	
   3.4178637e-01	
   3.6623446e-01	
   3.1677802e-01	
   4.1329052e-01	
   2.1197413e-01	
   5.7161991e-01	
  -2.3356948e-01	
   5.4412955e-01	
  -1.4593422e-01	
   6.3915211e-01	
  -4.6718693e-01	
   7.6389931e-02	
   6.8332738e-01	
  -6.3410375e-01	
  -4.4882121e-01	
   1.2445607e-01	
   6.5574483e-01	
  -5.2857508e-01	
  -9.8261424e-02	
   6.7241349e-01	
  -5.9182828e-01	
  -3.0074450e-01	
   4.4157944e-01	
   1.4287882e-01	
   6.4167326e-01	
  -4.7641307e-01	
   5.1516239e-02	
   6.9241739e-01	
  -6.6983382e-01	
  -5.8193482e-01	
  -2.6756572e-01	
   4.9545326e-01	
  -1.3541382e-03	
   6.9999481e-01	
  -6.9997920e-01	
  -6.9991634e-01	
  -6.9966491e-01	
  -6.9865950e-01	
  -6.9464266e-01	
  -6.7865217e-01	
  -6.1591030e-01	
  -3.8384388e-01	
   2.7903988e-01	
   4.7753356e-01	
   4.8461999e-02	
   6.9328984e-01	
  -6.7328800e-01	
  -5.9519020e-01	
  -3.1214641e-01	
   4.2161338e-01	
   1.9212044e-01	
   5.9454210e-01	
  -3.0994374e-01	
   4.2552841e-01	
   1.8264447e-01	
   6.0468856e-01	
  -3.4470930e-01	
   3.6050162e-01	
   3.2868163e-01	
   3.9133822e-01	
   2.6244111e-01	
   5.0321331e-01	
  -2.3496121e-02	
   6.9842272e-01	
  -6.9369795e-01	
  -6.7490482e-01	
  -6.0141817e-01	
  -3.3343909e-01	
   3.8233840e-01	
   2.8233524e-01	
   4.7224801e-01	
   6.2805155e-02	
   6.8873005e-01	
  -6.5528312e-01	
  -5.2684518e-01	
  -9.3044939e-02	
   6.7526477e-01	
  -6.0280714e-01	
  -3.3821801e-01	
   3.7316755e-01	
   3.0213135e-01	
   4.3919039e-01	
   1.4889082e-01	
   6.3666150e-01	
  -4.5810821e-01	
   1.0039135e-01	
   6.7120452e-01	
  -5.8718715e-01	
  -2.8511035e-01	
   4.6774900e-01	
   7.4888179e-02	
   6.8397648e-01	
  -6.3663949e-01	
  -4.5802769e-01	
   1.0060209e-01	
   6.7108350e-01	
  -5.8672303e-01	
  -2.8355365e-01	
   4.7027824e-01	
   6.8109616e-02	
   6.8674596e-01	
  -6.4748576e-01	
  -4.9782190e-01	
  -8.0758051e-03	
   6.9981370e-01	
  -6.9925491e-01	
  -6.9702076e-01	
  -6.8810793e-01	
  -6.5283533e-01	
  -5.1769664e-01	
  -6.5741981e-02	
   6.8765148e-01	
  -6.5104156e-01	
  -5.1101417e-01	
  -4.6101085e-02	
   6.9392774e-01	
  -6.7581632e-01	
  -6.0493581e-01	
  -3.4556341e-01	
   3.5881714e-01	
   3.3214358e-01	
   3.8480181e-01	
   2.7693586e-01	
   4.8087578e-01	
   3.9309932e-02	
   6.9558497e-01	
  -6.8239556e-01	
  -6.3046726e-01	
  -4.3568235e-01	
   1.5765997e-01	
   6.2898094e-01	
  -4.3033439e-01	
   1.7089259e-01	
   6.1655920e-01	
  -3.8612930e-01	
   2.7401214e-01	
   4.8547812e-01	
   2.6602830e-02	
   6.9797801e-01	
  -6.9192369e-01	
  -6.6788065e-01	
  -5.7446974e-01	
  -2.4290102e-01	
   5.3142613e-01	
  -1.0689639e-01	
   6.6735197e-01	
  -5.7245330e-01	
  -2.3629330e-01	
   5.4047295e-01	
  -1.3460288e-01	
   6.4823456e-01	
  -5.0059442e-01	
  -1.5984756e-02	
   6.9927001e-01	
  -6.9708156e-01	
  -6.8835011e-01	
  -6.5378774e-01	
  -5.2125218e-01	
  -7.6296345e-02	
   6.8336826e-01	
  -6.3426337e-01	
  -4.4939966e-01	
   1.2297154e-01	
   6.5679430e-01	
  -5.3251070e-01	
  -1.1019295e-01	
   6.6530727e-01	
  -5.6466787e-01	
  -2.1099910e-01	
   5.7279836e-01	
  -2.3742277e-01	
   5.3894421e-01	
  -1.2988820e-01	
   6.5179739e-01	
  -5.1382813e-01	
  -5.4340674e-02	
   6.9156318e-01	
  -6.6645608e-01	
  -5.6903871e-01	
  -2.2515694e-01	
   5.5515543e-01	
  -1.8056444e-01	
   6.0684721e-01	
  -3.5218155e-01	
   3.4562352e-01	
   3.5869822e-01	
   3.3238736e-01	
   3.8433894e-01	
   2.7795303e-01	
   4.7926316e-01	
   4.3733778e-02	
   6.9453534e-01	
  -6.7822665e-01	
  -6.1426066e-01	
  -3.7804577e-01	
   2.9166135e-01	
   4.5695327e-01	
   1.0341055e-01	
   6.6944647e-01	
  -5.8045304e-01	
  -2.6264458e-01	
   5.0290824e-01	
  -2.2619133e-02	
   6.9853826e-01	
  -6.9415915e-01	
  -6.7673359e-01	
  -6.0848057e-01	
  -3.5785275e-01	
   3.3411853e-01	
   3.8104228e-01	
   2.8516220e-01	
   4.6766432e-01	
   7.5114489e-02	
   6.8387949e-01	
  -6.3626044e-01	
  -4.5664914e-01	
   1.0420473e-01	
   6.6897537e-01	
  -5.7865154e-01	
  -2.5667850e-01	
   5.1176058e-01	
  -4.8282565e-02	
   6.9333947e-01	
  -6.7348462e-01	
  -5.9594678e-01	
  -3.1472124e-01	
   4.1700175e-01	
   2.0317011e-01	
   5.8206258e-01	
  -2.6799099e-01	
   4.9480252e-01	
   4.8704409e-04	
   6.9999937e-01	
  -6.9999745e-01	
  -6.9998931e-01	
  -6.9995677e-01	
  -6.9982662e-01	
  -6.9930609e-01	
  -6.9722528e-01	
  -6.8892264e-01	
  -6.5604070e-01	
  -5.2968358e-01	
  -1.0161309e-01	
   6.7049945e-01	
  -5.8448433e-01	
  -2.7606228e-01	
   4.8225622e-01	
   3.5511227e-02	
   6.9639704e-01	
  -6.8562524e-01	
  -6.4309087e-01	
  -4.8161635e-01	
   3.7273701e-02	
   6.9603052e-01	
  -6.8416709e-01	
  -6.3738414e-01	
  -4.6073826e-01	
   9.3486733e-02	
   6.7502925e-01	
  -6.0189851e-01	
  -3.3509050e-01	
   3.7918407e-01	
   2.8919836e-01	
   4.6104085e-01	
   9.2689489e-02	
   6.7545332e-01	
  -6.0353482e-01	
  -3.4072613e-01	
   3.6830221e-01	
   3.1243849e-01	
   4.2109196e-01	
   1.9337587e-01	
   5.9315935e-01	
  -3.0525145e-01	
   4.3377603e-01	
   1.6239529e-01	
   6.2465077e-01	
  -4.1482456e-01	
   2.0834479e-01	
   5.7597842e-01	
  -2.4786041e-01	
   5.2447220e-01	
  -8.5917440e-02	
   6.7890919e-01	
  -6.1690771e-01	
  -3.8735708e-01	
   2.7129876e-01	
   4.8970565e-01	
   1.4823928e-02	
   6.9937218e-01	
  -6.9748985e-01	
  -6.8997692e-01	
  -6.6019427e-01	
  -5.4530376e-01	
  -1.4958876e-01	
   6.3606639e-01	
  -4.5594417e-01	
   1.0604290e-01	
   6.6787117e-01	
  -5.7443398e-01	
  -2.4278361e-01	
   5.3158905e-01	
  -1.0739120e-01	
   6.6704902e-01	
  -5.7129829e-01	
  -2.3251887e-01	
   5.4552864e-01	
  -1.5029002e-01	
   6.3546556e-01	
  -4.5376137e-01	
   1.1171633e-01	
   6.6434132e-01	
  -5.6099829e-01	
  -1.9919701e-01	
   5.8663027e-01	
  -2.8324306e-01	
   4.7078123e-01	
   6.6757230e-02	
   6.8726708e-01	
  -6.4953155e-01	
  -5.0540310e-01	
  -2.9806244e-02	
   6.9746173e-01	
  -6.8986533e-01	
  -6.5975430e-01	
  -5.4364452e-01	
  -1.4442642e-01	
   6.4040299e-01	
  -4.7175996e-01	
   6.4121827e-02	
   6.8825257e-01	
  -6.5340456e-01	
  -5.1982106e-01	
  -7.2039476e-02	
   6.8517239e-01	
  -6.4131772e-01	
  -4.7510935e-01	
   5.5060592e-02	
   6.9133811e-01	
  -6.6556681e-01	
  -5.6565434e-01	
  -2.1418488e-01	
   5.6892823e-01	
  -2.2479810e-01	
   5.5561673e-01	
  -1.8202846e-01	
   6.0533052e-01	
  -3.4692866e-01	
   3.5611595e-01	
   3.3766122e-01	
   3.7424256e-01	
   2.9983570e-01	
   4.4313869e-01	
   1.3893742e-01	
   6.4484684e-01	
  -4.8807843e-01	
   1.9370135e-02	
   6.9892803e-01	
  -6.9571539e-01	
  -6.8291356e-01	
  -6.3248790e-01	
  -4.4297370e-01	
   1.3935539e-01	
   6.4451451e-01	
  -4.8685412e-01	
   2.2780479e-02	
   6.9851732e-01	
  -6.9407555e-01	
  -6.7640200e-01	
  -6.0719861e-01	
  -3.5340002e-01	
   3.4316714e-01	
   3.6353231e-01	
   3.2241213e-01	
   4.0300116e-01	
   2.3597160e-01	
   5.4090685e-01	
  -1.3594351e-01	
   6.4719828e-01	
  -4.9675888e-01	
  -5.0550947e-03	
   6.9992703e-01	
  -6.9970813e-01	
  -6.9883231e-01	
  -6.9533265e-01	
  -6.8139237e-01	
  -6.2655830e-01	
  -4.2164330e-01	
   1.9204862e-01	
   5.9462092e-01	
  -3.1021157e-01	
   4.2505385e-01	
   1.8379775e-01	
   6.0348110e-01	
  -3.4054126e-01	
   3.6866205e-01	
   3.1168080e-01	
   4.2244306e-01	
   1.9011959e-01	
   5.9672725e-01	
  -3.1738120e-01	
   4.1219783e-01	
   2.1455127e-01	
   5.6847928e-01	
  -2.2333914e-01	
   5.5748478e-01	
  -1.8796942e-01	
   5.9905012e-01	
  -3.2531728e-01	
   3.9762496e-01	
   2.4826966e-01	
   5.2389190e-01	
  -8.4179228e-02	
   6.7975395e-01	
  -6.2018694e-01	
  -3.9894770e-01	
   2.4525947e-01	
   5.2813655e-01	
  -9.6937752e-02	
   6.7315171e-01	
  -5.9466635e-01	
  -3.1036553e-01	
   4.2478086e-01	
   1.8446059e-01	
   6.0278368e-01	
  -3.3813760e-01	
   3.7332296e-01	
   3.0179989e-01	
   4.3976233e-01	
   1.4745452e-01	
   6.3787762e-01	
  -4.6253674e-01	
   8.8742455e-02	
   6.7749938e-01	
  -6.1144401e-01	
  -3.6818183e-01	
   3.1269204e-01	
   4.2063907e-01	
   1.9446504e-01	
   5.9195242e-01	
  -3.0116477e-01	
   4.4085670e-01	
   1.4470104e-01	
   6.4017603e-01	
  -4.7092958e-01	
   6.6358383e-02	
   6.8741877e-01	
  -6.5012736e-01	
  -5.0761550e-01	
  -3.6209691e-02	
   6.9625394e-01	
  -6.8505582e-01	
  -6.4086091e-01	
  -4.7343587e-01	
   5.9595921e-02	
   6.8985238e-01	
  -6.5970374e-01	
  -5.4345391e-01	
  -1.4383440e-01	
   6.4089058e-01	
  -4.7354493e-01	
   5.9300842e-02	
   6.8995262e-01	
  -6.6009892e-01	
  -5.4494407e-01	
  -1.4846837e-01	
   6.3702052e-01	
  -4.5941466e-01	
   9.6966476e-02	
   6.7313573e-01	
  -5.9460491e-01	
  -3.1015675e-01	
   4.2515102e-01	
   1.8356172e-01	
   6.0372883e-01	
  -3.4139575e-01	
   3.6699720e-01	
   3.1518015e-01	
   4.1617562e-01	
   2.0513669e-01	
   5.7976837e-01	
  -2.6037537e-01	
   5.0629921e-01	
  -3.2396833e-02	
   6.9700133e-01	
  -6.8803098e-01	
  -6.5253276e-01	
  -5.1656816e-01	
  -6.2407265e-02	
   6.8887245e-01	
  -6.5584355e-01	
  -5.2894459e-01	
  -9.9377882e-02	
   6.7178304e-01	
  -5.8940700e-01	
  -2.9257279e-01	
   4.5543208e-01	
   1.0737607e-01	
   6.6705825e-01	
  -5.7133343e-01	
  -2.3263360e-01	
   5.4537617e-01	
  -1.4981478e-01	
   6.3587305e-01	
  -4.5524153e-01	
   1.0787216e-01	
   6.6675315e-01	
  -5.7017076e-01	
  -2.2884161e-01	
   5.5037590e-01	
  -1.6546754e-01	
   6.2177294e-01	
  -4.0457599e-01	
   2.3233814e-01	
   5.4576853e-01	
  -1.5103800e-01	
   6.3482159e-01	
  -4.5142416e-01	
   1.1776092e-01	
   6.6037820e-01	
  -5.4599818e-01	
  -1.5175396e-01	
   6.3420220e-01	
  -4.4917839e-01	
   1.2353964e-01	
   6.5639418e-01	
  -5.3100947e-01	
  -1.0563124e-01	
   6.6812020e-01	
  -5.7538458e-01	
  -2.4590655e-01	
   5.2722864e-01	
  -9.4200121e-02	
   6.7464675e-01	
  -6.0042354e-01	
  -3.3002370e-01	
   3.8881263e-01	
   2.6807064e-01	
   4.9468037e-01	
   8.3238214e-04	
   6.9999807e-01	
  -6.9999224e-01	
  -6.9996848e-01	
  -6.9987345e-01	
  -6.9949337e-01	
  -6.9797375e-01	
  -6.9190627e-01	
  -6.6781179e-01	
  -5.7420694e-01	
  -2.4203850e-01	
   5.3262118e-01	
  -1.1052950e-01	
   6.6509503e-01	
  -5.6386111e-01	
  -2.0839780e-01	
   5.7591543e-01	
  -2.4765314e-01	
   5.2476564e-01	
  -8.6797116e-02	
   6.7847511e-01	
  -6.1522419e-01	
  -3.8143048e-01	
   2.8431677e-01	
   4.6903991e-01	
   7.1433020e-02	
   6.8542094e-01	
  -6.4229105e-01	
  -4.7867897e-01	
   4.5332984e-02	
   6.9412837e-01	
  -6.7661198e-01	
  -6.0801034e-01	
  -3.5621838e-01	
   3.3745298e-01	
   3.7464422e-01	
   2.9897626e-01	
   4.4460911e-01	
   1.3520782e-01	
   6.4776813e-01	
  -4.9886732e-01	
  -1.1052850e-02	
   6.9965101e-01	
  -6.9860434e-01	
  -6.9442246e-01	
  -6.7777827e-01	
  -6.1252349e-01	
  -3.7195682e-01	
   3.0470915e-01	
   4.3472095e-01	
   1.6005054e-01	
   6.2681092e-01	
  -4.2254837e-01	
   1.8986560e-01	
   5.9700301e-01	
  -3.1832169e-01	
   4.1048962e-01	
   2.1856645e-01	
   5.6351058e-01	
  -2.0726907e-01	
   5.7725593e-01	
  -2.5206976e-01	
   5.1845968e-01	
  -6.8001274e-02	
   6.8678814e-01	
  -6.4765128e-01	
  -4.9843437e-01	
  -9.8191974e-03	
   6.9972456e-01	
  -6.9889848e-01	
  -6.9559693e-01	
  -6.8244264e-01	
  -6.3065083e-01	
  -4.3634379e-01	
   1.5601196e-01	
   6.3045790e-01	
  -4.3564907e-01	
   1.5774279e-01	
   6.2890631e-01	
  -4.3006616e-01	
   1.7155196e-01	
   6.1591407e-01	
  -3.8385753e-01	
   2.7900992e-01	
   4.7758131e-01	
   4.8331687e-02	
   6.9332588e-01	
  -6.7343078e-01	
  -5.9573959e-01	
  -3.1401576e-01	
   4.1826904e-01	
   2.0014572e-01	
   5.8554767e-01	
  -2.7961739e-01	
   4.7661192e-01	
   5.0974481e-02	
   6.9257604e-01	
  -6.7046160e-01	
  -5.8433885e-01	
  -2.7557646e-01	
   4.8302191e-01	
   3.3399495e-02	
   6.9681282e-01	
  -6.8728027e-01	
  -6.4958287e-01	
  -5.0559360e-01	
  -3.0356500e-02	
   6.9736715e-01	
  -6.8948838e-01	
  -6.5826876e-01	
  -5.3805030e-01	
  -1.2713717e-01	
   6.5381763e-01	
  -5.2136429e-01	
  -7.6630329e-02	
   6.8322234e-01	
  -6.3369360e-01	
  -4.4733551e-01	
   1.2826009e-01	
   6.5299814e-01	
  -5.1830449e-01	
  -6.7541248e-02	
   6.8696629e-01	
  -6.4835054e-01	
  -5.0102363e-01	
  -1.7213060e-02	
   6.9915350e-01	
  -6.9661606e-01	
  -6.8649650e-01	
  -6.4650651e-01	
  -4.9420147e-01	
   2.1857483e-03	
   6.9998639e-01	
  -6.9994556e-01	
  -6.9978176e-01	
  -6.9912670e-01	
  -6.9650849e-01	
  -6.8606832e-01	
  -6.4482736e-01	
  -4.8800621e-01	
   1.9571567e-02	
   6.9890562e-01	
  -6.9562589e-01	
  -6.8255774e-01	
  -6.3109973e-01	
  -4.3796208e-01	
   1.5196946e-01	
   6.3401509e-01	
  -4.4850041e-01	
   1.2527848e-01	
   6.5515801e-01	
  -5.2637719e-01	
  -9.1636637e-02	
   6.7600786e-01	
  -6.0567610e-01	
  -3.4812400e-01	
   3.5374215e-01	
   3.4247566e-01	
   3.6488691e-01	
   3.1959297e-01	
   4.0817237e-01	
   2.2398660e-01	
   5.5665713e-01	
  -1.8533476e-01	
   6.0186020e-01	
  -3.3495914e-01	
   3.7943557e-01	
   2.8865326e-01	
   4.6194083e-01	
   9.0316167e-02	
   6.7669428e-01	
  -6.0832898e-01	
  -3.5732574e-01	
   3.3519542e-01	
   3.7898292e-01	
   2.8963411e-01	
   4.6032020e-01	
   9.4586574e-02	
   6.7443825e-01	
  -5.9961985e-01	
  -3.2726808e-01	
   3.9398765e-01	
   2.5649636e-01	
   5.1202746e-01	
  -4.9063205e-02	
   6.9312235e-01	
  -6.7262454e-01	
  -5.9263888e-01	
  -3.0348775e-01	
   4.3684357e-01	
   1.5476480e-01	
   6.3156530e-01	
  -4.3964209e-01	
   1.4775693e-01	
   6.3762254e-01	
  -4.6160716e-01	
   9.1196935e-02	
   6.7623750e-01	
  -6.0656330e-01	
  -3.5119686e-01	
   3.4760239e-01	
   3.5477877e-01	
   3.4037719e-01	
   3.6898104e-01	
   3.1100853e-01	
   4.2363911e-01	
   1.8722830e-01	
   5.9984446e-01	
  -3.2803825e-01	
   3.9254563e-01	
   2.5973690e-01	
   5.0724782e-01	
  -3.5143899e-02	
   6.9647122e-01	
  -6.8592043e-01	
  -6.4424765e-01	
  -4.8587111e-01	
   2.5512496e-02	
   6.9814035e-01	
  -6.9257129e-01	
  -6.7044238e-01	
  -5.8426521e-01	
  -2.7533058e-01	
   4.8340895e-01	
   3.2330805e-02	
   6.9701352e-01	
  -6.8807953e-01	
  -6.5272366e-01	
  -5.1728008e-01	
  -6.4510191e-02	
   6.8810988e-01	
  -6.5284343e-01	
  -5.1772685e-01	
  -6.5831371e-02	
   6.8761787e-01	
  -6.5090951e-01	
  -5.1052295e-01	
  -4.4667358e-02	
   6.9429956e-01	
  -6.7729109e-01	
  -6.1063731e-01	
  -3.6536510e-01	
   3.1859548e-01	
   4.0999118e-01	
   2.1973493e-01	
   5.6204730e-01	
  -2.0256336e-01	
   5.8276610e-01	
  -2.7033235e-01	
   4.9120135e-01	
   1.0632048e-02	
   6.9967706e-01	
  -6.9870855e-01	
  -6.9483850e-01	
  -6.7942963e-01	
  -6.1892705e-01	
  -3.9448731e-01	
   2.5537100e-01	
   5.1367329e-01	
  -5.3886430e-02	
   6.9170364e-01	
  -6.6701121e-01	
  -5.7115369e-01	
  -2.3204689e-01	
   5.4615511e-01	
  -1.5224403e-01	
   6.3377655e-01	
  -4.4763630e-01	
   1.2749096e-01	
   6.5356016e-01	
  -5.2040252e-01	
  -7.3767623e-02	
   6.8445247e-01	
  -6.3850048e-01	
  -4.6480775e-01	
   8.2725282e-02	
   6.8044723e-01	
  -6.2288127e-01	
  -4.0851695e-01	
   2.2318282e-01	
   5.5768407e-01	
  -1.8860439e-01	
   5.9836694e-01	
  -3.2297999e-01	
   4.0195427e-01	
   2.3837931e-01	
   5.3764373e-01	
  -1.2588794e-01	
   6.5472075e-01	
  -5.2474073e-01	
  -8.6722020e-02	
   6.7851233e-01	
  -6.1536852e-01	
  -3.8193793e-01	
   2.8320997e-01	
   4.7083458e-01	
   6.6613688e-02	
   6.8732178e-01	
  -6.4974639e-01	
  -5.0620062e-01	
  -3.2111303e-02	
   6.9705395e-01	
  -6.8824059e-01	
  -6.5335701e-01	
  -5.1964351e-01	
  -7.1512166e-02	
   6.8538867e-01	
  -6.4216465e-01	
  -4.7821511e-01	
   4.6601175e-02	
   6.9379526e-01	
  -6.7529102e-01	
  -6.0290801e-01	
  -3.3856554e-01	
   3.7249557e-01	
   3.0356298e-01	
   4.3671288e-01	
   1.5509098e-01	
   6.3127654e-01	
  -4.3860018e-01	
   1.5037135e-01	
   6.3539560e-01	
  -4.5350734e-01	
   1.1237481e-01	
   6.6391973e-01	
  -5.5939831e-01	
  -1.9407525e-01	
   5.9238525e-01	
  -3.0262938e-01	
   4.3833005e-01	
   1.5104787e-01	
   6.3481298e-01	
  -4.5139291e-01	
   1.1784154e-01	
   6.6032392e-01	
  -5.4579340e-01	
  -1.5111516e-01	
   6.3475498e-01	
  -4.5118255e-01	
   1.1838401e-01	
   6.5995780e-01	
  -5.4441227e-01	
  -1.4681314e-01	
   6.3841696e-01	
  -4.6450348e-01	
   8.3533194e-02	
   6.8006347e-01	
  -6.2138945e-01	
  -4.0321344e-01	
   2.3548287e-01	
   5.4156517e-01	
  -1.3797954e-01	
   6.4560480e-01	
  -4.9087303e-01	
   1.1553668e-02	
   6.9961864e-01	
  -6.9847499e-01	
  -6.9390614e-01	
  -6.7573017e-01	
  -6.0460316e-01	
  -3.4441386e-01	
   3.6108335e-01	
   3.2748232e-01	
   3.9358665e-01	
   2.5739869e-01	
   5.1070260e-01	
  -4.5191840e-02	
   6.9416491e-01	
  -6.7675690e-01	
  -6.0857069e-01	
  -3.5816613e-01	
   3.3347741e-01	
   3.8226517e-01	
   2.8249526e-01	
   4.7198979e-01	
   6.3501809e-02	
   6.8847866e-01	
  -6.5429386e-01	
  -5.2314373e-01	
  -8.1940698e-02	
   6.8081641e-01	
  -6.2431712e-01	
  -4.1363351e-01	
   2.1116403e-01	
   5.7259930e-01	
  -2.3677128e-01	
   5.3982687e-01	
  -1.3260875e-01	
   6.4975700e-01	
  -5.0624047e-01	
  -3.2226565e-02	
   6.9703277e-01	
  -6.8815620e-01	
  -6.5302512e-01	
  -5.1840473e-01	
  -6.7838132e-02	
   6.8685146e-01	
  -6.4789978e-01	
  -4.9935422e-01	
  -1.2441496e-02	
   6.9955778e-01	
  -6.9823169e-01	
  -6.9293524e-01	
  -6.7188309e-01	
  -5.8979065e-01	
  -2.9386536e-01	
   4.5326632e-01	
   1.1299898e-01	
   6.6351781e-01	
  -5.5787396e-01	
  -1.8920923e-01	
   5.9771401e-01	
  -3.2074871e-01	
   4.0605807e-01	
   2.2890522e-01	
   5.5029255e-01	
  -1.6520542e-01	
   6.2202059e-01	
  -4.0545606e-01	
   2.3030133e-01	
   5.4846083e-01	
  -1.5945511e-01	
   6.2735458e-01	
  -4.2449648e-01	
   1.8515093e-01	
   6.0205466e-01	
  -3.3562806e-01	
   3.7815394e-01	
   2.9142739e-01	
   4.5734305e-01	
   1.0239234e-01	
   6.7004518e-01	
  -5.8274438e-01	
  -2.7025968e-01	
   4.9131360e-01	
   1.0316949e-02	
   6.9969592e-01	
  -6.9878396e-01	
  -6.9513959e-01	
  -6.8062538e-01	
  -6.2357355e-01	
  -4.1098237e-01	
   2.1741023e-01	
   5.6495081e-01	
  -2.1191266e-01	
   5.7169449e-01	
  -2.3381313e-01	
   5.4380420e-01	
  -1.4492291e-01	
   6.3999253e-01	
  -4.7025840e-01	
   6.8163264e-02	
   6.8672507e-01	
  -6.4740380e-01	
  -4.9751866e-01	
  -7.2134610e-03	
   6.9985138e-01	
  -6.9940556e-01	
  -6.9762276e-01	
  -6.9050671e-01	
  -6.6228385e-01	
  -5.5319927e-01	
  -1.7436947e-01	
   6.1312951e-01	
  -3.7407943e-01	
   3.0018475e-01	
   4.4254030e-01	
   1.4045164e-01	
   6.4363811e-01	
  -4.8362862e-01	
   3.1724185e-02	
   6.9712454e-01	
  -6.8852176e-01	
  -6.5446299e-01	
  -5.2377617e-01	
  -8.3832434e-02	
   6.7992043e-01	
  -6.2083365e-01	
  -4.0124080e-01	
   2.4001686e-01	
   5.3540545e-01	
  -1.1902571e-01	
   6.5952261e-01	
  -5.4277161e-01	
  -1.4171687e-01	
   6.4261818e-01	
  -4.7988038e-01	
   4.2042662e-02	
   6.9494978e-01	
  -6.7987201e-01	
  -6.2064509e-01	
  -4.0057198e-01	
   2.4154907e-01	
   5.3329726e-01	
  -1.1258851e-01	
   6.6378244e-01	
  -5.5887755e-01	
  -1.9241138e-01	
   5.9422258e-01	
  -3.0885851e-01	
   4.2744709e-01	
   1.7796850e-01	
   6.0950633e-01	
  -3.6142274e-01	
   3.2678194e-01	
   3.9489588e-01	
   2.5444924e-01	
   5.1501594e-01	
  -5.7832652e-02	
   6.9044402e-01	
  -6.6203697e-01	
  -5.5226512e-01	
  -1.7141897e-01	
   6.1604451e-01	
  -3.8431666e-01	
   2.7800222e-01	
   4.7918501e-01	
   4.3947754e-02	
   6.9448173e-01	
  -6.7801390e-01	
  -6.1343626e-01	
  -3.7515402e-01	
   2.9788441e-01	
   4.4647107e-01	
   1.3046736e-01	
   6.5136649e-01	
  -5.1222372e-01	
  -4.9637219e-02	
   6.9296048e-01	
  -6.7198349e-01	
  -5.9017616e-01	
  -2.9516505e-01	
   4.5107900e-01	
   1.1865064e-01	
   6.5977721e-01	
  -5.4373137e-01	
  -1.4469621e-01	
   6.4018012e-01	
  -4.7094454e-01	
   6.6318119e-02	
   6.8743405e-01	
  -6.5018732e-01	
  -5.0783829e-01	
  -3.6856057e-02	
   6.9611900e-01	
  -6.8451903e-01	
  -6.3876039e-01	
  -4.6575627e-01	
   8.0203419e-02	
   6.8162119e-01	
  -6.2744987e-01	
  -4.2483769e-01	
   1.8432293e-01	
   6.0292872e-01	
  -3.3863729e-01	
   3.7235675e-01	
   3.0385841e-01	
   4.3620017e-01	
   1.5636973e-01	
   6.3013860e-01	
  -4.3449901e-01	
   1.6060200e-01	
   6.2630571e-01	
  -4.2073956e-01	
   1.9422378e-01	
   5.9222035e-01	
  -3.0207128e-01	
   4.3929429e-01	
   1.4863007e-01	
   6.3688316e-01	
  -4.5891472e-01	
   9.8278206e-02	
   6.7240399e-01	
  -5.9179180e-01	
  -3.0062113e-01	
   4.4179141e-01	
   1.4234383e-01	
   6.4210925e-01	
  -4.7801223e-01	
   4.7155449e-02	
   6.9364679e-01	
  -6.7470243e-01	
  -6.0063775e-01	
  -3.3075879e-01	
   3.8742485e-01	
   2.7114851e-01	
   4.8993851e-01	
   1.4172144e-02	
   6.9942618e-01	
  -6.9770566e-01	
  -6.9083720e-01	
  -6.6358820e-01	
  -5.5814042e-01	
  -1.9005885e-01	
   5.9679336e-01	
  -3.1760661e-01	
   4.1178889e-01	
   2.1551401e-01	
   5.6729631e-01	
  -2.1950028e-01	
   5.6234191e-01	
  -2.0350983e-01	
   5.8166798e-01	
  -2.6667898e-01	
   4.9680678e-01	
  -5.1913847e-03	
   6.9992304e-01	
  -6.9969218e-01	
  -6.9876851e-01	
  -6.9507788e-01	
  -6.8038027e-01	
  -6.2262045e-01	
  -4.0758881e-01	
   2.2534698e-01	
   5.5491066e-01	
  -1.7978814e-01	
   6.0764648e-01	
  -3.5495497e-01	
   3.4002010e-01	
   3.6967520e-01	
   3.0954353e-01	
   4.2623655e-01	
   1.8092111e-01	
   6.0647871e-01	
  -3.5090410e-01	
   3.4818968e-01	
   3.5361125e-01	
   3.4274021e-01	
   3.6436899e-01	
   3.2067209e-01	
   4.0619830e-01	
   2.2857982e-01	
   5.5071789e-01	
  -1.6654342e-01	
   6.2075236e-01	
  -4.0095285e-01	
   2.4067685e-01	
   5.3449899e-01	
  -1.1625480e-01	
   6.6138529e-01	
  -5.4980143e-01	
  -1.6366140e-01	
   6.2347138e-01	
  -4.1061879e-01	
   2.1826371e-01	
   5.6388842e-01	
  -2.0848616e-01	
   5.7581018e-01	
  -2.4730679e-01	
   5.2525545e-01	
  -8.8266543e-02	
   6.7774012e-01	
  -6.1237621e-01	
  -3.7144139e-01	
   3.0580390e-01	
   4.3281132e-01	
   1.6478387e-01	
   6.2241792e-01	
  -4.0686880e-01	
   2.2702246e-01	
   5.5274514e-01	
  -1.7293484e-01	
   6.1455309e-01	
  -3.7907283e-01	
   2.8943960e-01	
   4.6064204e-01	
   9.3739741e-02	
   6.7489389e-01	
  -6.0137650e-01	
  -3.3329587e-01	
   3.8261125e-01	
   2.8173894e-01	
   4.7320904e-01	
   6.0209149e-02	
   6.8964248e-01	
  -6.5887641e-01	
  -5.4033707e-01	
  -1.3418294e-01	
   6.4855706e-01	
  -5.0178933e-01	
  -1.9406931e-02	
   6.9892396e-01	
  -6.9569916e-01	
  -6.8284903e-01	
  -6.3223610e-01	
  -4.4206383e-01	
   1.4165620e-01	
   6.4266721e-01	
  -4.8006038e-01	
   4.1548966e-02	
   6.9506770e-01	
  -6.8034028e-01	
  -6.2246498e-01	
  -4.0703574e-01	
   2.2663427e-01	
   5.5324830e-01	
  -1.7452481e-01	
   6.1297466e-01	
  -3.7353694e-01	
   3.0134352e-01	
   4.4054880e-01	
   1.4547641e-01	
   6.3953319e-01	
  -4.6857914e-01	
   7.2667666e-02	
   6.8491262e-01	
  -6.4030084e-01	
  -4.7138577e-01	
   6.5130177e-02	
   6.8788020e-01	
  -6.5194046e-01	
  -5.1436061e-01	
  -5.5904908e-02	
   6.9107046e-01	
  -6.6450967e-01	
  -5.6163700e-01	
  -2.0124569e-01	
   5.8428633e-01	
  -2.7540148e-01	
   4.8329737e-01	
   3.2638973e-02	
   6.9695632e-01	
  -6.8785170e-01	
  -6.5182800e-01	
  -5.1394170e-01	
  -5.4674168e-02	
   6.9145930e-01	
  -6.6604562e-01	
  -5.6747603e-01	
  -2.2008261e-01	
   5.6161054e-01	
  -2.0116116e-01	
   5.8438352e-01	
  -2.7572601e-01	
   4.8278636e-01	
   3.4049515e-02	
   6.9668754e-01	
  -6.8678152e-01	
  -6.4762486e-01	
  -4.9833660e-01	
  -9.5407233e-03	
   6.9973998e-01	
  -6.9896007e-01	
  -6.9584292e-01	
  -6.8342057e-01	
  -6.3446718e-01	
  -4.5013845e-01	
   1.2107277e-01	
   6.5811825e-01	
  -5.3748466e-01	
  -1.2539897e-01	
   6.5507180e-01	
  -5.2605445e-01	
  -9.0666199e-02	
   6.7651333e-01	
  -6.0762941e-01	
  -3.5489532e-01	
   3.4014111e-01	
   3.6944006e-01	
   3.1004009e-01	
   4.2535751e-01	
   1.8305992e-01	
   6.0425446e-01	
  -3.4320987e-01	
   3.6344873e-01	
   3.2258575e-01	
   4.0268123e-01	
   2.3670804e-01	
   5.3991227e-01	
  -1.3287220e-01	
   6.4955718e-01	
  -5.0549863e-01	
  -3.0082170e-02	
   6.9741452e-01	
  -6.8967716e-01	
  -6.5901263e-01	
  -5.4084998e-01	
  -1.3576739e-01	
   6.4733500e-01	
  -4.9726459e-01	
  -6.4913269e-03	
   6.9987966e-01	
  -6.9951864e-01	
  -6.9807474e-01	
  -6.9230909e-01	
  -6.6940491e-01	
  -5.8029365e-01	
  -2.6211596e-01	
   5.0370081e-01	
  -2.4898586e-02	
   6.9822879e-01	
  -6.9292414e-01	
  -6.7183912e-01	
  -5.8962187e-01	
  -2.9329660e-01	
   4.5422046e-01	
   1.1052503e-01	
   6.6509777e-01	
  -5.6387156e-01	
  -2.0843146e-01	
   5.7587535e-01	
  -2.4752123e-01	
   5.2495228e-01	
  -8.7356850e-02	
   6.7819659e-01	
  -6.1414462e-01	
  -3.7763849e-01	
   2.9254072e-01	
   4.5548550e-01	
   1.0723702e-01	
   6.6714351e-01	
  -5.7165843e-01	
  -2.3369495e-01	
   5.4396205e-01	
  -1.4541350e-01	
   6.3958557e-01	
  -4.6877058e-01	
   7.2154986e-02	
   6.8512476e-01	
  -6.4113122e-01	
  -4.7442599e-01	
   5.6914514e-02	
   6.9074499e-01	
  -6.6322468e-01	
  -5.5676234e-01	
  -1.8566908e-01	
   6.0150581e-01	
  -3.3374070e-01	
   3.8176346e-01	
   2.8359044e-01	
   4.7021846e-01	
   6.8270266e-02	
   6.8668337e-01	
  -6.4724012e-01	
  -4.9691320e-01	
  -5.4931968e-03	
   6.9991383e-01	
  -6.9965533e-01	
  -6.9862117e-01	
  -6.9448966e-01	
  -6.7804492e-01	
  -6.1355642e-01	
  -3.7557527e-01	
   2.9698084e-01	
   4.4800680e-01	
   1.2654257e-01	
   6.5424851e-01	
  -5.2297461e-01	
  -8.1435228e-02	
   6.8105237e-01	
  -6.2523523e-01	
  -4.1691127e-01	
   2.0338594e-01	
   5.8181189e-01	
  -2.6715735e-01	
   4.9607715e-01	
  -3.1215684e-03	
   6.9997220e-01	
  -6.9988880e-01	
  -6.9955477e-01	
  -6.9821917e-01	
  -6.9288527e-01	
  -6.7168523e-01	
  -5.8903110e-01	
  -2.9130716e-01	
   4.5754344e-01	
   1.0186855e-01	
   6.7035087e-01	
  -5.8391509e-01	
  -2.7416201e-01	
   4.8524357e-01	
   2.7253354e-02	
   6.9787791e-01	
  -6.9152448e-01	
  -6.6630268e-01	
  -5.6845458e-01	
  -2.2325851e-01	
   5.5758767e-01	
  -1.8829719e-01	
   5.9869775e-01	
  -3.2411142e-01	
   3.9986244e-01	
   2.4317148e-01	
   5.3105036e-01	
  -1.0575568e-01	
   6.6804504e-01	
  -5.7509764e-01	
  -2.4496333e-01	
   5.2855148e-01	
  -9.8190514e-02	
   6.7245329e-01	
  -5.9198119e-01	
  -3.0126171e-01	
   4.4068983e-01	
   1.4512130e-01	
   6.3982802e-01	
  -4.6965685e-01	
   6.9778682e-02	
   6.8608841e-01	
  -6.4490658e-01	
  -4.8829813e-01	
   1.8757243e-02	
   6.9899480e-01	
  -6.9598206e-01	
  -6.8397390e-01	
  -6.3662896e-01	
  -4.5798938e-01	
   1.0070236e-01	
   6.7102583e-01	
  -5.8650189e-01	
  -2.8281238e-01	
   4.7147777e-01	
   6.4882013e-02	
   6.8797237e-01	
  -6.5230283e-01	
  -5.1571094e-01	
  -5.9879047e-02	
   6.8975578e-01	
  -6.5932295e-01	
  -5.4201886e-01	
  -1.3938377e-01	
   6.4449199e-01	
  -4.8677124e-01	
   2.3011045e-02	
   6.9848716e-01	
  -6.9395515e-01	
  -6.7592452e-01	
  -6.0535370e-01	
  -3.4700849e-01	
   3.5595766e-01	
   3.3798323e-01	
   3.7362094e-01	
   3.0116395e-01	
   4.4085790e-01	
   1.4469800e-01	
   6.4017854e-01	
  -4.7093876e-01	
   6.6333659e-02	
   6.8742815e-01	
  -6.5016418e-01	
  -5.0775233e-01	
  -3.6606619e-02	
   6.9617136e-01	
  -6.8472730e-01	
  -6.3957518e-01	
  -4.6873219e-01	
   7.2257816e-02	
   6.8508233e-01	
  -6.4096513e-01	
  -4.7381758e-01	
   5.8562846e-02	
   6.9020115e-01	
  -6.6107891e-01	
  -5.4864335e-01	
  -1.6002688e-01	
   6.2683267e-01	
  -4.2262628e-01	
   1.8967750e-01	
   5.9720699e-01	
  -3.1901770e-01	
   4.0922221e-01	
   2.2153477e-01	
   5.5977812e-01	
  -1.9529016e-01	
   5.9103370e-01	
  -2.9805955e-01	
   4.4617303e-01	
   1.3122748e-01	
   6.5079814e-01	
  -5.1010921e-01	
  -4.3460866e-02	
   6.9460335e-01	
  -6.7849661e-01	
  -6.1530713e-01	
  -3.8172208e-01	
   2.8368095e-01	
   4.7007175e-01	
   6.8664394e-02	
   6.8652917e-01	
  -6.4663513e-01	
  -4.9467667e-01	
   8.4313414e-04	
   6.9999801e-01	
  -6.9999203e-01	
  -6.9996766e-01	
  -6.9987016e-01	
  -6.9948020e-01	
  -6.9792110e-01	
  -6.9169629e-01	
  -6.6698170e-01	
  -5.7104122e-01	
  -2.3167986e-01	
   5.4664140e-01	
  -1.5376236e-01	
   6.3244907e-01	
  -4.4283377e-01	
   1.3970956e-01	
   6.4423211e-01	
  -4.8581432e-01	
   2.5670122e-02	
   6.9811731e-01	
  -6.9247933e-01	
  -6.7007847e-01	
  -5.8287141e-01	
  -2.7068273e-01	
   4.9065976e-01	
   1.2151398e-02	
   6.9957817e-01	
  -6.9831315e-01	
  -6.9326025e-01	
  -6.7317032e-01	
  -5.9473751e-01	
  -3.1060735e-01	
   4.2435183e-01	
   1.8550147e-01	
   6.0168345e-01	
  -3.3435135e-01	
   3.8059784e-01	
   2.8612938e-01	
   4.6608564e-01	
   7.9326193e-02	
   6.8202103e-01	
  -6.2900767e-01	
  -4.3043002e-01	
   1.7065740e-01	
   6.1678871e-01	
  -3.8693804e-01	
   2.7222581e-01	
   4.8826600e-01	
   1.8846577e-02	
   6.9898520e-01	
  -6.9594373e-01	
  -6.8382144e-01	
  -6.3603314e-01	
  -4.5582289e-01	
   1.0635883e-01	
   6.6767944e-01	
  -5.7370239e-01	
  -2.4038372e-01	
   5.3490206e-01	
  -1.1748634e-01	
   6.6056283e-01	
  -5.4669500e-01	
  -1.5392944e-01	
   6.3230219e-01	
  -4.4230302e-01	
   1.4105181e-01	
   6.4315540e-01	
  -4.8185390e-01	
   3.6619761e-02	
   6.9616858e-01	
  -6.8471627e-01	
  -6.3953201e-01	
  -4.6857441e-01	
   7.2680322e-02	
   6.8490737e-01	
  -6.4028027e-01	
  -4.7131050e-01	
   6.5332883e-02	
   6.8780464e-01	
  -6.5164346e-01	
  -5.1325443e-01	
  -5.2657118e-02	
   6.9207786e-01	
  -6.6849073e-01	
  -5.7679912e-01	
  -2.5056315e-01	
   5.2062332e-01	
  -7.4424713e-02	
   6.8417424e-01	
  -6.3741256e-01	
  -4.6084179e-01	
   9.3214125e-02	
   6.7517466e-01	
  -6.0245949e-01	
  -3.3702085e-01	
   3.7547720e-01	
   2.9719103e-01	
   4.4764995e-01	
   1.2745575e-01	
   6.5358581e-01	
  -5.2049832e-01	
  -7.4052523e-02	
   6.8433214e-01	
  -6.3802992e-01	
  -4.6309154e-01	
   8.7275240e-02	
   6.7823725e-01	
  -6.1430220e-01	
  -3.7819158e-01	
   2.9134631e-01	
   4.5747806e-01	
   1.0203946e-01	
   6.7025130e-01	
  -5.8353371e-01	
  -2.7288987e-01	
   4.8723193e-01	
   2.1728673e-02	
   6.9865107e-01	
  -6.9460950e-01	
  -6.7852054e-01	
  -6.1539990e-01	
  -3.8204828e-01	
   2.8296912e-01	
   4.7122422e-01	
   6.5564947e-02	
   6.8771784e-01	
  -6.5130237e-01	
  -5.1198465e-01	
  -4.8937653e-02	
   6.9315750e-01	
  -6.7276379e-01	
  -5.9317415e-01	
  -3.0530125e-01	
   4.3368916e-01	
   1.6261058e-01	
   6.2445085e-01	
  -4.1411105e-01	
   2.1003466e-01	
   5.7395839e-01	
  -2.4122351e-01	
   5.3374648e-01	
  -1.1395804e-01	
   6.6289599e-01	
  -5.5551739e-01	
  -1.8171272e-01	
   6.0565865e-01	
  -3.4806401e-01	
   3.5386149e-01	
   3.4223441e-01	
   3.6535885e-01	
   3.1860829e-01	
   4.0996785e-01	
   2.1978956e-01	
   5.6197870e-01	
  -2.0234302e-01	
   5.8302098e-01	
  -2.7118133e-01	
   4.8988783e-01	
   1.4314020e-02	
   6.9941463e-01	
  -6.9765950e-01	
  -6.9065320e-01	
  -6.6286193e-01	
  -5.5538796e-01	
  -1.8130189e-01	
   6.0608475e-01	
  -3.4953923e-01	
   3.5092114e-01	
   3.4815527e-01	
   3.5367971e-01	
   3.4260186e-01	
   3.6463988e-01	
   3.2010786e-01	
   4.0723127e-01	
   2.2617907e-01	
   5.5383719e-01	
  -1.7638757e-01	
   6.1110704e-01	
  -3.6700521e-01	
   3.1516358e-01	
   4.1620547e-01	
   2.0506571e-01	
   5.7985158e-01	
  -2.6065099e-01	
   5.0588889e-01	
  -3.1210234e-02	
   6.9721697e-01	
  -6.8889000e-01	
  -6.5591222e-01	
  -5.2920195e-01	
  -1.0015599e-01	
   6.7133945e-01	
  -5.8770471e-01	
  -2.8684769e-01	
   4.6490989e-01	
   8.2453668e-02	
   6.8057542e-01	
  -6.2337973e-01	
  -4.1029184e-01	
   2.1903055e-01	
   5.6293032e-01	
  -2.0540158e-01	
   5.7945781e-01	
  -2.5934675e-01	
   5.0782663e-01	
  -3.6822541e-02	
   6.9612606e-01	
  -6.8454709e-01	
  -6.3887016e-01	
  -4.6615693e-01	
   7.9136591e-02	
   6.8210688e-01	
  -6.2934225e-01	
  -4.3163292e-01	
   1.6769463e-01	
   6.1965290e-01	
  -3.9705631e-01	
   2.4956104e-01	
   5.2205510e-01	
  -7.8690079e-02	
   6.8230827e-01	
  -6.3012736e-01	
  -4.3445813e-01	
   1.6070350e-01	
   6.2621253e-01	
  -4.2040608e-01	
   1.9502521e-01	
   5.9132906e-01	
  -2.9905731e-01	
   4.4447084e-01	
   1.3555905e-01	
   6.4749642e-01	
  -4.9786176e-01	
  -8.1892052e-03	
   6.9980844e-01	
  -6.9923384e-01	
  -6.9693655e-01	
  -6.8777256e-01	
  -6.5151694e-01	
  -5.1278334e-01	
  -5.1276101e-02	
   6.9248795e-01	
  -6.7011302e-01	
  -5.8300371e-01	
  -2.7112342e-01	
   4.8997756e-01	
   1.4062818e-02	
   6.9943500e-01	
  -6.9774090e-01	
  -6.9097772e-01	
  -6.6414300e-01	
  -5.6024507e-01	
  -1.9678404e-01	
   5.8936024e-01	
  -2.9241569e-01	
   4.5569465e-01	
   1.0669253e-01	
   6.6747632e-01	
  -5.7292749e-01	
  -2.3784510e-01	
   5.3837075e-01	
  -1.2812305e-01	
   6.5309861e-01	
  -5.1867943e-01	
  -6.8652078e-02	
   6.8653404e-01	
  -6.4665426e-01	
  -4.9474739e-01	
   6.4322811e-04	
   6.9999887e-01	
  -6.9999543e-01	
  -6.9998124e-01	
  -6.9992449e-01	
  -6.9969750e-01	
  -6.9878978e-01	
  -6.9516284e-01	
  -6.8071775e-01	
  -6.2393286e-01	
  -4.1226306e-01	
   2.1439789e-01	
   5.6866727e-01	
  -2.2394990e-01	
   5.5670425e-01	
  -1.8548466e-01	
   6.0170138e-01	
  -3.3441300e-01	
   3.8048004e-01	
   2.8638552e-01	
   4.6566665e-01	
   8.0441602e-02	
   6.8151186e-01	
  -6.2702408e-01	
  -4.2331157e-01	
   1.8802116e-01	
   5.9899440e-01	
  -3.2512656e-01	
   3.9797940e-01	
   2.4746396e-01	
   5.2503309e-01	
  -8.7599274e-02	
   6.7807541e-01	
  -6.1367504e-01	
  -3.7599117e-01	
   2.9608776e-01	
   4.4952007e-01	
   1.2266198e-01	
   6.5701155e-01	
  -5.3332621e-01	
  -1.1267639e-01	
   6.6372590e-01	
  -5.5866301e-01	
  -1.9172642e-01	
   5.9497436e-01	
  -3.1141283e-01	
   4.2292032e-01	
   1.8896683e-01	
   5.9797581e-01	
  -3.2164308e-01	
   4.0441657e-01	
   2.3270635e-01	
   5.4527929e-01	
  -1.4951286e-01	
   6.3613126e-01	
  -4.5617995e-01	
   1.0542846e-01	
   6.6824242e-01	
  -5.7585122e-01	
  -2.4744143e-01	
   5.2506513e-01	
  -8.7695413e-02	
   6.7802726e-01	
  -6.1348847e-01	
  -3.7533703e-01	
   2.9749198e-01	
   4.4713863e-01	
   1.2876296e-01	
   6.5262887e-01	
  -5.1692693e-01	
  -6.3466701e-02	
   6.8849142e-01	
  -6.5434413e-01	
  -5.2333167e-01	
  -8.2502616e-02	
   6.8055242e-01	
  -6.2329023e-01	
  -4.0997306e-01	
   2.1977764e-01	
   5.6199368e-01	
  -2.0239113e-01	
   5.8296536e-01	
  -2.7099605e-01	
   4.9017484e-01	
   1.3510322e-02	
   6.9947853e-01	
  -6.9791487e-01	
  -6.9167145e-01	
  -6.6688352e-01	
  -5.7066706e-01	
  -2.3045933e-01	
   5.4825298e-01	
  -1.5880384e-01	
   6.2794678e-01	
  -4.2662047e-01	
   1.7998591e-01	
   6.0744305e-01	
  -3.5424876e-01	
   3.4145111e-01	
   3.6688894e-01	
   3.1540715e-01	
   4.1576665e-01	
   2.0610881e-01	
   5.7862616e-01	
  -2.5659494e-01	
   5.1188312e-01	
  -4.8640951e-02	
   6.9324023e-01	
  -6.7309144e-01	
  -5.9443409e-01	
  -3.0957645e-01	
   4.2617852e-01	
   1.8106243e-01	
   6.0633255e-01	
  -3.5039762e-01	
   3.4920450e-01	
   3.5158917e-01	
   3.4681443e-01	
   3.5634213e-01	
   3.3720080e-01	
   3.7513033e-01	
   2.9793492e-01	
   4.4638508e-01	
   1.3068674e-01	
   6.5120280e-01	
  -5.1161452e-01	
  -4.7855187e-02	
   6.9345686e-01	
  -6.7394977e-01	
  -5.9773752e-01	
  -3.2082860e-01	
   4.0591166e-01	
   2.2924491e-01	
   5.4984791e-01	
  -1.6380780e-01	
   6.2333441e-01	
  -4.1013083e-01	
   2.1940797e-01	
   5.6245753e-01	
  -2.0388136e-01	
   5.8123553e-01	
  -2.6524214e-01	
   4.9899046e-01	
  -1.1404278e-02	
   6.9962845e-01	
  -6.9851420e-01	
  -6.9406262e-01	
  -6.7635074e-01	
  -6.0700045e-01	
  -3.5271261e-01	
   3.4455398e-01	
   3.6080728e-01	
   3.2805170e-01	
   3.9252021e-01	
   2.5979393e-01	
   5.0716316e-01	
  -3.4898535e-02	
   6.9652031e-01	
  -6.8611586e-01	
  -6.4501375e-01	
  -4.8869312e-01	
   1.7654701e-02	
   6.9910950e-01	
  -6.9644025e-01	
  -6.8579673e-01	
  -6.4376285e-01	
  -4.8408702e-01	
   3.0456764e-02	
   6.9734970e-01	
  -6.8941888e-01	
  -6.5799496e-01	
  -5.3702060e-01	
  -1.2397432e-01	
   6.5608687e-01	
  -5.2985706e-01	
  -1.0213823e-01	
   6.7019374e-01	
  -5.8331329e-01	
  -2.7215504e-01	
   4.8837625e-01	
   1.8538941e-02	
   6.9901805e-01	
  -6.9607498e-01	
  -6.8434345e-01	
  -6.3807370e-01	
  -4.6325116e-01	
   8.6852748e-02	
   6.7844744e-01	
  -6.1511694e-01	
  -3.8105347e-01	
   2.8513811e-01	
   4.6770358e-01	
   7.5009573e-02	
   6.8392448e-01	
  -6.3643629e-01	
  -4.5728861e-01	
   1.0253495e-01	
   6.6996168e-01	
  -5.8242473e-01	
  -2.6919553e-01	
   4.9295379e-01	
   5.7044388e-03	
   6.9990707e-01	
  -6.9962828e-01	
  -6.9851305e-01	
  -6.9405804e-01	
  -6.7633258e-01	
  -6.0693027e-01	
  -3.5246919e-01	
   3.4504441e-01	
   3.5984100e-01	
   3.3004128e-01	
   3.8877928e-01	
   2.6814475e-01	
   4.9456683e-01	
   1.1532902e-03	
   6.9999625e-01	
  -6.9998496e-01	
  -6.9993935e-01	
  -6.9975693e-01	
  -6.9902742e-01	
  -6.9611193e-01	
  -6.8449042e-01	
  -6.3864851e-01	
  -4.6534792e-01	
   8.1289764e-02	
   6.8111995e-01	
  -6.2549822e-01	
  -4.1785108e-01	
   2.0114447e-01	
   5.8440257e-01	
  -2.7578964e-01	
   4.8268609e-01	
   3.4326085e-02	
   6.9663352e-01	
  -6.8656644e-01	
  -6.4678090e-01	
  -4.9521537e-01	
  -6.8043008e-04	
   6.9999873e-01	
  -6.9999487e-01	
  -6.9997900e-01	
  -6.9991551e-01	
  -6.9966160e-01	
  -6.9864626e-01	
  -6.9458982e-01	
  -6.7844242e-01	
  -6.1509703e-01	
  -3.8098346e-01	
   2.8529051e-01	
   4.6745518e-01	
   7.5673271e-02	
   6.8363876e-01	
  -6.3531983e-01	
  -4.5323182e-01	
   1.1308860e-01	
   6.6345992e-01	
  -5.5765448e-01	
  -1.8850969e-01	
   5.9846896e-01	
  -3.2332884e-01	
   4.0131007e-01	
   2.3985778e-01	
   5.3562355e-01	
  -1.1969315e-01	
   6.5906737e-01	
  -5.4105657e-01	
  -1.3640598e-01	
   6.4683839e-01	
  -4.9542832e-01	
  -1.2832002e-03	
   6.9999534e-01	
  -6.9998134e-01	
  -6.9992489e-01	
  -6.9969911e-01	
  -6.9879624e-01	
  -6.9518861e-01	
  -6.8082012e-01	
  -6.2433107e-01	
  -4.1368328e-01	
   2.1104639e-01	
   5.7274120e-01	
  -2.3723565e-01	
   5.3919798e-01	
  -1.3066992e-01	
   6.5121544e-01	
  -5.1166158e-01	
  -4.7992737e-02	
   6.9341919e-01	
  -6.7380049e-01	
  -5.9716271e-01	
  -3.1886619e-01	
   4.0949833e-01	
   2.2088885e-01	
   5.6059460e-01	
  -1.9790374e-01	
   5.8809759e-01	
  -2.8816792e-01	
   4.6274087e-01	
   8.8202489e-02	
   6.7777236e-01	
  -6.1250105e-01	
  -3.7187829e-01	
   3.0487605e-01	
   4.3443024e-01	
   1.6077245e-01	
   6.2614919e-01	
  -4.2017949e-01	
   1.9556941e-01	
   5.9072172e-01	
  -2.9700617e-01	
   4.4796398e-01	
   1.2665216e-01	
   6.5416923e-01	
  -5.2267825e-01	
  -8.0549811e-02	
   6.8146215e-01	
  -6.2683046e-01	
  -4.2261794e-01	
   1.8969765e-01	
   5.9718515e-01	
  -3.1894318e-01	
   4.0935805e-01	
   2.2121707e-01	
   5.6018001e-01	
  -1.9657614e-01	
   5.8959390e-01	
  -2.9320274e-01	
   4.5437773e-01	
   1.1011675e-01	
   6.6535516e-01	
  -5.6484996e-01	
  -2.1158671e-01	
   5.7208888e-01	
  -2.3510199e-01	
   5.4207744e-01	
  -1.3956559e-01	
   6.4434709e-01	
  -4.8623764e-01	
   2.4494472e-02	
   6.9828581e-01	
  -6.9315162e-01	
  -6.7273999e-01	
  -5.9308269e-01	
  -3.0499128e-01	
   4.3422966e-01	
   1.6127025e-01	
   6.2569115e-01	
  -4.1854122e-01	
   1.9949525e-01	
   5.8629040e-01	
  -2.8210410e-01	
   4.7262096e-01	
   6.1798373e-02	
   6.8908848e-01	
  -6.5669411e-01	
  -5.3213428e-01	
  -1.0904792e-01	
   6.6602452e-01	
