   6.4000000e-01	
   9.2160000e-01	
   2.8901376e-01	
   8.2193923e-01	
   5.8542054e-01	
   9.7081333e-01	
   1.1333925e-01	
   4.0197385e-01	
   9.6156350e-01	
   1.4783656e-01	
   5.0392365e-01	
   9.9993842e-01	
   2.4630478e-04	
   9.8497646e-04	
   3.9360251e-03	
   1.5682131e-02	
   6.1744808e-02	
   2.3172955e-01	
   7.1212386e-01	
   8.2001387e-01	
   5.9036448e-01	
   9.6733704e-01	
   1.2638436e-01	
   4.4164542e-01	
   9.8637897e-01	
   5.3741981e-02	
   2.0341512e-01	
   6.4814964e-01	
   9.1220674e-01	
   3.2034243e-01	
   8.7089263e-01	
   4.4975463e-01	
   9.8990161e-01	
   3.9985639e-02	
   1.5354715e-01	
   5.1988169e-01	
   9.9841887e-01	
   6.3145074e-03	
   2.5098538e-02	
   9.7874404e-02	
   3.5318002e-01	
   9.1377557e-01	
   3.1515910e-01	
   8.6333536e-01	
   4.7194966e-01	
   9.9685271e-01	
   1.2549522e-02	
   4.9568127e-02	
   1.8844451e-01	
   6.1173271e-01	
   9.5006321e-01	
   1.8977244e-01	
   6.1503544e-01	
   9.4706739e-01	
   2.0052300e-01	
   6.4125409e-01	
   9.2018912e-01	
   2.9376440e-01	
   8.2986751e-01	
   5.6474970e-01	
   9.8322991e-01	
   6.5955428e-02	
   2.4642124e-01	
   7.4279125e-01	
   7.6420964e-01	
   7.2077307e-01	
   8.0503701e-01	
   6.2780969e-01	
   9.3465873e-01	
   2.4428716e-01	
   7.3844377e-01	
   7.7257828e-01	
   7.0280432e-01	
   8.3548163e-01	
   5.4980829e-01	
   9.9007654e-01	
   3.9299956e-02	
   1.5102188e-01	
   5.1285708e-01	
   9.9933878e-01	
   2.6431228e-03	
   1.0544547e-02	
   4.1733437e-02	
   1.5996703e-01	
   5.3751032e-01	
   9.9437190e-01	
   2.2385682e-02	
   8.7538253e-02	
   3.1950123e-01	
   8.6968077e-01	
   4.5334450e-01	
   9.9129306e-01	
   3.4524528e-02	
   1.3333034e-01	
   4.6221344e-01	
   9.9428870e-01	
   2.2714708e-02	
   8.8795000e-02	
   3.2364179e-01	
   8.7559113e-01	
   4.3572521e-01	
   9.8347501e-01	
   6.5007670e-02	
   2.4312669e-01	
   7.3606442e-01	
   7.7709437e-01	
   6.9287485e-01	
   8.5119717e-01	
   5.0664220e-01	
   9.9982352e-01	
   7.0577621e-04	
   2.8211124e-03	
   1.1252615e-02	
   4.4503974e-02	
   1.7009348e-01	
   5.6464675e-01	
   9.8328319e-01	
   6.5749433e-02	
   2.4570578e-01	
   7.4133780e-01	
   7.6702426e-01	
   7.1479217e-01	
   8.1545729e-01	
   6.0194678e-01	
   9.5842741e-01	
   1.5937722e-01	
   5.3590449e-01	
   9.9484347e-01	
   2.0519760e-02	
   8.0394797e-02	
   2.9572590e-01	
   8.3308836e-01	
   5.5620858e-01	
   9.8736238e-01	
   4.9911627e-02	
   1.8968183e-01	
   6.1481052e-01	
   9.4727417e-01	
   1.9978325e-01	
   6.3947961e-01	
   9.2218175e-01	
   2.8705029e-01	
   8.1860968e-01	
   5.9395149e-01	
   9.6469247e-01	
   1.3624364e-01	
   4.7072525e-01	
   9.9657196e-01	
   1.3665167e-02	
   5.3913721e-02	
   2.0402813e-01	
   6.4960260e-01	
   9.1047624e-01	
   3.2603702e-01	
   8.7894752e-01	
   4.2559510e-01	
   9.7785565e-01	
   8.6615928e-02	
   3.1645444e-01	
   8.6524411e-01	
   4.6638697e-01	
   9.9548066e-01	
   1.7995672e-02	
   7.0687312e-02	
   2.6276246e-01	
   7.7487341e-01	
   6.9777844e-01	
   8.4353476e-01	
   5.2793548e-01	
   9.9687844e-01	
   1.2447282e-02	
   4.9169390e-02	
   1.8700704e-01	
   6.0814163e-01	
   9.5322155e-01	
   1.7836091e-01	
   5.8619320e-01	
   9.7028293e-01	
   1.1533586e-01	
   4.0813398e-01	
   9.6624254e-01	
   1.3047158e-01	
   4.5379498e-01	
   9.9146039e-01	
   3.3866758e-02	
   1.3087920e-01	
   4.5499935e-01	
   9.9189977e-01	
   3.2138483e-02	
   1.2442240e-01	
   4.3576588e-01	
   9.8349591e-01	
   6.4926821e-02	
   2.4284532e-01	
   7.3548587e-01	
   7.7818561e-01	
   6.9045106e-01	
   8.5491357e-01	
   4.9614542e-01	
   9.9994057e-01	
   2.3771032e-04	
   9.5061527e-04	
   3.7988464e-03	
   1.5137661e-02	
   5.9634048e-02	
   2.2431131e-01	
   6.9598299e-01	
   8.4636267e-01	
   5.2013160e-01	
   9.9837888e-01	
   6.4739871e-03	
   2.5728298e-02	
   1.0026541e-01	
   3.6084904e-01	
   9.2254804e-01	
   2.8581262e-01	
   8.1649507e-01	
   5.9932349e-01	
   9.6053938e-01	
   1.5161393e-01	
   5.1450860e-01	
   9.9915800e-01	
   3.3651535e-03	
   1.3415317e-02	
   5.2941385e-02	
   2.0055438e-01	
   6.4132928e-01	
   9.2010413e-01	
   2.9405007e-01	
   8.3033850e-01	
   5.6350591e-01	
   9.8386800e-01	
   6.3487038e-02	
   2.3782574e-01	
   7.2505862e-01	
   7.9739447e-01	
   6.4622611e-01	
   9.1447169e-01	
   3.1285286e-01	
   8.5990379e-01	
   4.8187704e-01	
   9.9868623e-01	
   5.2481656e-03	
   2.0882489e-02	
   8.1785644e-02	
   3.0038701e-01	
   8.4061862e-01	
   5.3591583e-01	
   9.9484021e-01	
   2.0532653e-02	
   8.0444253e-02	
   2.9589190e-01	
   8.3335954e-01	
   5.5548567e-01	
   9.8768536e-01	
   4.8651960e-02	
   1.8513979e-01	
   6.0345218e-01	
   9.5719058e-01	
   1.6390708e-01	
   5.4816621e-01	
   9.9072007e-01	
   3.6775267e-02	
   1.4169139e-01	
   4.8645975e-01	
   9.9926665e-01	
   2.9312624e-03	
   1.1690680e-02	
   4.6216033e-02	
   1.7632045e-01	
   5.8092619e-01	
   9.7380381e-01	
   1.0203980e-01	
   3.6651072e-01	
   9.2872244e-01	
   2.6478826e-01	
   7.7870175e-01	
   6.8930134e-01	
   8.5666002e-01	
   4.9117453e-01	
   9.9968844e-01	
   1.2458350e-03	
   4.9771316e-03	
   1.9809439e-02	
   7.7668101e-02	
   2.8654307e-01	
   8.1774455e-01	
   5.9615360e-01	
   9.6301794e-01	
   1.4245754e-01	
   4.8865355e-01	
   9.9948503e-01	
   2.0588109e-03	
   8.2182886e-03	
   3.2602993e-02	
   1.2616015e-01	
   4.4097507e-01	
   9.8606423e-01	
   5.4966246e-02	
   2.0777983e-01	
   6.5842949e-01	
   8.9960038e-01	
   3.6127814e-01	
   9.2302498e-01	
   2.8419946e-01	
   8.1372050e-01	
   6.0631779e-01	
   9.5478611e-01	
   1.7267838e-01	
   5.7144222e-01	
   9.7958404e-01	
   7.9996613e-02	
   2.9438862e-01	
   8.3089584e-01	
   5.6203177e-01	
   9.8460824e-01	
   6.0619419e-02	
   2.2777882e-01	
   7.0358252e-01	
   8.3421664e-01	
   5.5319696e-01	
   9.8868034e-01	
   4.4766118e-02	
   1.7104845e-01	
   5.6716351e-01	
   9.8195625e-01	
   7.0872695e-02	
   2.6339903e-01	
   7.7607992e-01	
   6.9511952e-01	
   8.4771349e-01	
   5.1638132e-01	
   9.9892661e-01	
   4.2889523e-03	
   1.7082229e-02	
   6.7161705e-02	
   2.5060404e-01	
   7.5120662e-01	
   7.4758093e-01	
   7.5481474e-01	
   7.4027780e-01	
   7.6906632e-01	
   7.1041325e-01	
   8.2290505e-01	
   5.8292932e-01	
   9.7249091e-01	
   1.0700935e-01	
   3.8223339e-01	
   9.4452410e-01	
   2.0959329e-01	
   6.6265577e-01	
   8.9417241e-01	
   3.7851246e-01	
   9.4096311e-01	
   2.2220616e-01	
   6.9132232e-01	
   8.5358308e-01	
   4.9991602e-01	
   9.9999997e-01	
   1.1283123e-07	
   4.5132488e-07	
   1.8052987e-06	
   7.2211818e-06	
   2.8884519e-05	
   1.1553474e-04	
   4.6208555e-04	
   1.8474881e-03	
   7.3762997e-03	
   2.9287559e-02	
   1.1371919e-01	
   4.0314855e-01	
   9.6247919e-01	
   1.4445200e-01	
   4.9434248e-01	
   9.9987197e-01	
   5.1205580e-04	
   2.0471744e-03	
   8.1719338e-03	
   3.2420613e-02	
   1.2547807e-01	
   4.3893329e-01	
   9.8508343e-01	
   5.8776271e-02	
   2.2128648e-01	
   6.8927510e-01	
   8.5669974e-01	
   4.9106118e-01	
   9.9968039e-01	
   1.2780301e-03	
   5.1055871e-03	
   2.0318080e-02	
   7.9621024e-02	
   2.9312606e-01	
   8.2881270e-01	
   5.6752883e-01	
   9.8175943e-01	
   7.1631420e-02	
   2.6600144e-01	
   7.8097869e-01	
   6.8420390e-01	
   8.6427570e-01	
   4.6921287e-01	
   9.9620861e-01	
   1.5108063e-02	
   5.9519240e-02	
   2.2390680e-01	
   6.9509018e-01	
   8.4775929e-01	
   5.1625390e-01	
   9.9894324e-01	
   4.2225613e-03	
   1.6818925e-02	
   6.6144196e-02	
   2.4707657e-01	
   7.4411894e-01	
   7.6162376e-01	
   7.2621203e-01	
   7.9531248e-01	
   6.5116216e-01	
   9.0860001e-01	
   3.3218414e-01	
   8.8735135e-01	
   3.9983572e-01	
   9.5986847e-01	
   1.5408397e-01	
   5.2136839e-01	
   9.9817357e-01	
   7.2923847e-03	
   2.8956823e-02	
   1.1247330e-01	
   3.9929224e-01	
   9.5943179e-01	
   1.5568974e-01	
   5.2580177e-01	
   9.9733707e-01	
   1.0623339e-02	
   4.2041933e-02	
   1.6109764e-01	
   5.4058075e-01	
   9.9341281e-01	
   2.6175195e-02	
   1.0196022e-01	
   3.6625733e-01	
   9.2845159e-01	
   2.6571695e-01	
   7.8044581e-01	
   6.8540060e-01	
   8.6250647e-01	
   4.7435624e-01	
   9.9736959e-01	
   1.0493964e-02	
   4.1535364e-02	
   1.5924071e-01	
   5.3553243e-01	
   9.9494979e-01	
   2.0098835e-02	
   7.8779489e-02	
   2.9029312e-01	
   8.2409211e-01	
   5.7985723e-01	
   9.7449129e-01	
   9.9432056e-02	
   3.5818129e-01	
   9.1954981e-01	
   2.9591182e-01	
   8.3339206e-01	
   5.5539894e-01	
   9.8772383e-01	
   4.8501863e-02	
   1.8459773e-01	
   6.0208563e-01	
   9.5831410e-01	
   1.5979274e-01	
   5.3703609e-01	
   9.9451331e-01	
   2.1826335e-02	
   8.5399785e-02	
   3.1242665e-01	
   8.5926495e-01	
   4.8371478e-01	
   9.9893917e-01	
   4.2388309e-03	
   1.6883453e-02	
   6.6393608e-02	
   2.4794199e-01	
   7.4586703e-01	
   7.5819761e-01	
   7.3333598e-01	
   7.8221729e-01	
   6.8141361e-01	
   8.6835641e-01	
   4.5725422e-01	
   9.9269119e-01	
   2.9021554e-02	
   1.1271721e-01	
   4.0004818e-01	
   9.6003853e-01	
   1.5345820e-01	
   5.1963512e-01	
   9.9845785e-01	
   6.1590936e-03	
   2.4484636e-02	
   9.5540556e-02	
   3.4565023e-01	
   9.0470460e-01	
   3.4485675e-01	
   9.0372229e-01	
   3.4803325e-01	
   9.0762443e-01	
   3.3536931e-01	
   8.9158694e-01	
   3.8663867e-01	
   9.4859684e-01	
   1.9504352e-01	
   6.2800617e-01	
   9.3445768e-01	
   2.4498611e-01	
   7.3987166e-01	
   7.6984635e-01	
   7.0873179e-01	
   8.2572417e-01	
   5.7561507e-01	
   9.7712945e-01	
   8.9389965e-02	
   3.2559760e-01	
   8.7833520e-01	
   4.2744989e-01	
   9.7894593e-01	
   8.2443197e-02	
   3.0258527e-01	
   8.4410969e-01	
   5.2635408e-01	
   9.9722185e-01	
   1.1081732e-02	
   4.3835708e-02	
   1.6765655e-01	
   5.5819133e-01	
   9.8645507e-01	
   5.3445840e-02	
   2.0235753e-01	
   6.4563584e-01	
   9.1516081e-01	
   3.1056601e-01	
   8.5645906e-01	
   4.9174775e-01	
   9.9972760e-01	
   1.0892966e-03	
   4.3524401e-03	
   1.7333986e-02	
   6.8134074e-02	
   2.5396729e-01	
   7.5787162e-01	
   7.3400892e-01	
   7.8095931e-01	
   6.8424746e-01	
   8.6421149e-01	
   4.6939997e-01	
   9.9625455e-01	
   1.4925676e-02	
   5.8811602e-02	
   2.2141119e-01	
   6.8955310e-01	
   8.5627849e-01	
   4.9226254e-01	
   9.9976053e-01	
   9.5766389e-04	
   3.8269871e-03	
   1.5249365e-02	
   6.0067288e-02	
   2.2583683e-01	
   6.9933824e-01	
   8.4105707e-01	
   5.3472029e-01	
   9.9517800e-01	
   1.9194975e-02	
   7.5306114e-02	
   2.7854041e-01	
   8.0382260e-01	
   6.3076730e-01	
   9.3159965e-01	
   2.5488698e-01	
   7.5967842e-01	
   7.3026847e-01	
   7.8790572e-01	
   6.6844118e-01	
   8.8651028e-01	
   4.0243922e-01	
   9.6192758e-01	
   1.4649166e-01	
   5.0012741e-01	
   9.9999994e-01	
   2.5971628e-07	
   1.0388648e-06	
   4.1554550e-06	
   1.6621751e-05	
   6.6485899e-05	
   2.6592592e-04	
   1.0634208e-03	
   4.2491597e-03	
   1.6924417e-02	
   6.6551926e-02	
   2.4849107e-01	
   7.4697303e-01	
   7.5601729e-01	
   7.3782060e-01	
   7.7376546e-01	
   7.0020990e-01	
   8.3966399e-01	
   5.3851351e-01	
   9.9406684e-01	
   2.3591835e-02	
   9.2141042e-02	
   3.3460428e-01	
   8.9057703e-01	
   3.8979835e-01	
   9.5142239e-01	
   1.8487132e-01	
   6.0277566e-01	
   9.5774865e-01	
   1.6186468e-01	
   5.4265801e-01	
   9.9272118e-01	
   2.8903367e-02	
   1.1227185e-01	
   3.9866752e-01	
   9.5892692e-01	
   1.5754434e-01	
   5.3089647e-01	
   9.9618163e-01	
   1.5215153e-02	
   5.9934609e-02	
   2.2536981e-01	
   6.9831303e-01	
   8.4268778e-01	
   5.3026035e-01	
   9.9633724e-01	
   1.4597360e-02	
   5.7537109e-02	
   2.1690636e-01	
   6.7943196e-01	
   8.7121668e-01	
   4.4879270e-01	
   9.8951125e-01	
   4.1514947e-02	
   1.5916583e-01	
   5.3532826e-01	
   9.9500766e-01	
   1.9869686e-02	
   7.7899526e-02	
   2.8732476e-01	
   8.1907697e-01	
   5.9275955e-01	
   9.6558266e-01	
   1.3293114e-01	
   4.6104181e-01	
   9.9392904e-01	
   2.4136419e-02	
   9.4215408e-02	
   3.4135546e-01	
   8.9932764e-01	
   3.6214975e-01	
   9.2398923e-01	
   2.8093252e-01	
   8.0803775e-01	
   6.2045098e-01	
   9.4196624e-01	
   2.1866335e-01	
   6.8339877e-01	
   8.6545957e-01	
   4.6575721e-01	
   9.9530972e-01	
   1.8673108e-02	
   7.3297694e-02	
   2.7170057e-01	
   7.9151748e-01	
   6.6007024e-01	
   8.9751007e-01	
   3.6794298e-01	
   9.3024377e-01	
   2.5956118e-01	
   7.6875669e-01	
   7.1107936e-01	
   8.2178202e-01	
   5.8582533e-01	
   9.7053605e-01	
   1.1438330e-01	
   4.0519904e-01	
   9.6405111e-01	
   1.3862626e-01	
   4.7763607e-01	
   9.9799942e-01	
   7.9863172e-03	
   3.1690144e-02	
   1.2274351e-01	
   4.3071018e-01	
   9.8079568e-01	
   7.5342052e-02	
   2.7866251e-01	
   8.0403886e-01	
   6.3024148e-01	
   9.3214862e-01	
   2.5299027e-01	
   7.5594477e-01	
   7.3796910e-01	
   7.7348282e-01	
   7.0082858e-01	
   8.3867152e-01	
   5.4120640e-01	
   9.9320813e-01	
   2.6982962e-02	
   1.0501953e-01	
   3.7596170e-01	
   9.3845800e-01	
   2.3101832e-01	
   7.1059543e-01	
   8.2259826e-01	
   5.8372146e-01	
   9.7196287e-01	
   1.0900419e-01	
   3.8848911e-01	
   9.5026128e-01	
   1.8905910e-01	
   6.1326303e-01	
   9.4868594e-01	
   1.9472371e-01	
   6.2722554e-01	
   9.3525464e-01	
   2.4221358e-01	
   7.3418465e-01	
   7.8063019e-01	
   6.8498678e-01	
   8.6311956e-01	
   4.7257673e-01	
   9.9699186e-01	
   1.1996378e-02	
   4.7409859e-02	
   1.8064866e-01	
   5.9205888e-01	
   9.6610065e-01	
   1.3100074e-01	
   4.5535818e-01	
   9.9202843e-01	
   3.1632083e-02	
   1.2252598e-01	
   4.3005345e-01	
   9.8042992e-01	
   7.6748358e-02	
   2.8343219e-01	
   8.1239353e-01	
   6.0964112e-01	
   9.5191530e-01	
   1.8309026e-01	
   5.9827286e-01	
   9.6136978e-01	
   1.4855171e-01	
   5.0593639e-01	
   9.9985904e-01	
   5.6377304e-04	
   2.2538208e-03	
   8.9949644e-03	
   3.5656220e-02	
   1.3753942e-01	
   4.7448930e-01	
   9.9739682e-01	
   1.0385627e-02	
   4.1111063e-02	
   1.5768377e-01	
   5.3127840e-01	
   9.9608665e-01	
   1.5592156e-02	
   6.1396164e-02	
   2.3050670e-01	
   7.0949345e-01	
   8.2444998e-01	
   5.7892883e-01	
   9.7508096e-01	
   9.7192327e-02	
   3.5098391e-01	
   9.1117682e-01	
   3.2373448e-01	
   8.7572186e-01	
   4.3533233e-01	
   9.8327237e-01	
   6.5791268e-02	
   2.4585111e-01	
   7.4163336e-01	
   7.6645327e-01	
   7.1601062e-01	
   8.1335765e-01	
   6.0722793e-01	
   9.5400869e-01	
   1.7550444e-01	
   5.7881054e-01	
   9.7515560e-01	
   9.6908635e-02	
   3.5006941e-01	
   9.1008327e-01	
   3.2732686e-01	
   8.8073594e-01	
   4.2016057e-01	
   9.7450266e-01	
   9.9388900e-02	
   3.5804299e-01	
   9.1939283e-01	
   2.9643863e-01	
   8.3425108e-01	
   5.5310487e-01	
   9.8871949e-01	
   4.4613037e-02	
   1.7049086e-01	
   5.6569490e-01	
   9.8273672e-01	
   6.7861032e-02	
   2.5302365e-01	
   7.5601073e-01	
   7.3783403e-01	
   7.7373989e-01	
   7.0026588e-01	
   8.3957430e-01	
   5.3875717e-01	
   9.9399153e-01	
   2.3889483e-02	
   9.3275103e-02	
   3.3829943e-01	
   8.9541170e-01	
   3.7459834e-01	
   9.3709769e-01	
   2.3578243e-01	
   7.2075631e-01	
   8.0506661e-01	
   6.2773746e-01	
   9.3473257e-01	
   2.4403038e-01	
   7.3791821e-01	
   7.7357970e-01	
   7.0061658e-01	
   8.3901195e-01	
   5.4028360e-01	
   9.9350893e-01	
   2.5795753e-02	
   1.0052133e-01	
   3.6166716e-01	
   9.2345610e-01	
   2.8273971e-01	
   8.1119186e-01	
   6.1263849e-01	
   9.4925028e-01	
   1.9269675e-01	
   6.2225885e-01	
   9.4021109e-01	
   2.2485677e-01	
   6.9718482e-01	
   8.4447259e-01	
   5.2535455e-01	
   9.9742859e-01	
   1.0259204e-02	
   4.0615812e-02	
   1.5586467e-01	
   5.2628350e-01	
   9.9723671e-01	
   1.1022618e-02	
   4.3604480e-02	
   1.6681252e-01	
   5.5594440e-01	
   9.8748090e-01	
   4.9449504e-02	
   1.8801700e-01	
   6.1066644e-01	
   9.5101176e-01	
   1.8635358e-01	
   6.0650370e-01	
   9.5462785e-01	
   1.7325408e-01	
   5.7294840e-01	
   9.7871412e-01	
   8.3331158e-02	
   3.0554830e-01	
   8.4875415e-01	
   5.1348217e-01	
   9.9927292e-01	
   2.9061881e-03	
   1.1590969e-02	
   4.5826472e-02	
   1.7490563e-01	
   5.7725459e-01	
   9.7612691e-01	
   9.3212651e-02	
   3.3809621e-01	
   8.9514865e-01	
   3.7543018e-01	
   9.3792944e-01	
   2.3287124e-01	
   7.1456890e-01	
   8.1584076e-01	
   6.0097847e-01	
   9.5921339e-01	
   1.5649223e-01	
   5.2800965e-01	
   9.9686184e-01	
   1.2513258e-02	
   4.9426706e-02	
   1.8793483e-01	
   6.1046131e-01	
   9.5119320e-01	
   1.8569880e-01	
   6.0485903e-01	
   9.5601834e-01	
   1.6818911e-01	
   5.5960613e-01	
   9.8578844e-01	
   5.6038377e-02	
   2.1159231e-01	
   6.6728401e-01	
   8.8806423e-01	
   3.9762460e-01	
   9.5807711e-01	
   1.6066144e-01	
   5.3939737e-01	
   9.9379139e-01	
   2.4680251e-02	
   9.6284547e-02	
   3.4805533e-01	
   9.0765127e-01	
   3.3528177e-01	
   8.9147162e-01	
   3.8699989e-01	
   9.4892390e-01	
   1.9386932e-01	
   6.2513604e-01	
   9.3736389e-01	
   2.3485131e-01	
   7.1878470e-01	
   8.0853303e-01	
   6.1922948e-01	
   9.4313732e-01	
   2.1451726e-01	
   6.7399842e-01	
   8.7889820e-01	
   4.2574462e-01	
   9.7794456e-01	
   8.6276005e-02	
   3.1532982e-01	
   8.6358770e-01	
   4.7121593e-01	
   9.9668591e-01	
   1.3212431e-02	
   5.2151450e-02	
   1.9772670e-01	
   6.3452342e-01	
   9.2761380e-01	
   2.6858575e-01	
   7.8578978e-01	
   6.7329681e-01	
   8.7987287e-01	
   4.2278642e-01	
   9.7615225e-01	
   9.3116124e-02	
   3.3778204e-01	
   8.9474134e-01	
   3.7671710e-01	
   9.3920531e-01	
   2.2839480e-01	
   7.0492246e-01	
   8.3202714e-01	
   5.5903190e-01	
   9.8606094e-01	
   5.4979058e-02	
   2.0782545e-01	
   6.5853612e-01	
   8.9946519e-01	
   3.6171024e-01	
   9.2350377e-01	
   2.8257824e-01	
   8.1091112e-01	
   6.1333711e-01	
   9.4861880e-01	
   1.9496469e-01	
   6.2781385e-01	
   9.3465448e-01	
   2.4430193e-01	
   7.3847399e-01	
   7.7252062e-01	
   7.0293004e-01	
   8.3527760e-01	
   5.5035573e-01	
   9.8985720e-01	
   4.0159684e-02	
   1.5418754e-01	
   5.2165496e-01	
   9.9812425e-01	
   7.4889204e-03	
   2.9731346e-02	
   1.1538957e-01	
   4.0829928e-01	
   9.6636391e-01	
   1.3001882e-01	
   4.5245570e-01	
   9.9095816e-01	
   3.5840345e-02	
   1.3822326e-01	
   4.7647036e-01	
   9.9778542e-01	
   8.8386889e-03	
   3.5042266e-02	
   1.3525722e-01	
   4.6785083e-01	
   9.9586572e-01	
   1.6468742e-02	
   6.4790089e-02	
   2.4236933e-01	
   7.3450576e-01	
   7.8002819e-01	
   6.8633685e-01	
   8.6111432e-01	
   4.7838580e-01	
   9.9813131e-01	
   7.4608084e-03	
   2.9620579e-02	
   1.1497280e-01	
   4.0701622e-01	
   9.6541607e-01	
   1.3355153e-01	
   4.6286207e-01	
   9.9448310e-01	
   2.1945869e-02	
   8.5856991e-02	
   3.1394227e-01	
   8.6153009e-01	
   4.7718399e-01	
   9.9791772e-01	
   8.3117842e-03	
   3.2970794e-02	
   1.2753488e-01	
   4.4507895e-01	
   9.8793471e-01	
   4.7678870e-02	
   1.8162238e-01	
   5.9454277e-01	
   9.6424666e-01	
   1.3790016e-01	
   4.7553484e-01	
   9.9760582e-01	
   9.5537799e-03	
   3.7850021e-02	
   1.4566959e-01	
   4.9779983e-01	
   9.9998064e-01	
   7.7450316e-05	
   3.0977727e-04	
   1.2387252e-03	
   4.9487631e-03	
   1.9697092e-02	
   7.7236464e-02	
   2.8508397e-01	
   8.1524440e-01	
   6.0248386e-01	
   9.5798823e-01	
   1.6098712e-01	
   5.4028108e-01	
   9.9350974e-01	
   2.5792546e-02	
   1.0050916e-01	
   3.6162828e-01	
   9.2341307e-01	
   2.8288548e-01	
   8.1144513e-01	
   6.1200771e-01	
   9.4981709e-01	
   1.9065835e-01	
   6.1723097e-01	
   9.4502760e-01	
   2.0780176e-01	
   6.5848075e-01	
   8.9953541e-01	
   3.6148581e-01	
   9.2325528e-01	
   2.8341987e-01	
   8.1237218e-01	
   6.0969448e-01	
   9.5186848e-01	
   1.8325950e-01	
   5.9870182e-01	
   9.6103180e-01	
   1.4979872e-01	
   5.0943625e-01	
   9.9964383e-01	
   1.4241770e-03	
   5.6885948e-03	
   2.2624939e-02	
   8.8452204e-02	
   3.2251365e-01	
   8.7399438e-01	
   4.4051282e-01	
   9.8584510e-01	
   5.5818150e-02	
   2.1080994e-01	
   6.6547643e-01	
   8.9047020e-01	
   3.9013209e-01	
   9.5171617e-01	
   1.8381001e-01	
   6.0009557e-01	
   9.5992351e-01	
   1.5388147e-01	
   5.2080785e-01	
   9.9826813e-01	
   6.9154657e-03	
   2.7470568e-02	
   1.0686374e-01	
   3.8177554e-01	
   9.4409190e-01	
   2.1112952e-01	
   6.6621539e-01	
   8.8948978e-01	
   3.9319085e-01	
   9.5436722e-01	
   1.7420172e-01	
   5.7542191e-01	
   9.7724614e-01	
   8.8944484e-02	
   3.2413345e-01	
   8.7628383e-01	
   4.3364193e-01	
   9.8238642e-01	
   6.9213350e-02	
   2.5769145e-01	
   7.6514626e-01	
   7.1878983e-01	
   8.0852403e-01	
   6.1925169e-01	
   9.4311614e-01	
   2.1459234e-01	
   6.7416987e-01	
   8.7865943e-01	
   4.2646814e-01	
   9.7837226e-01	
   8.4639912e-02	
   3.0990399e-01	
   8.5545402e-01	
   4.9460975e-01	
   9.9988378e-01	
   4.6482351e-04	
   1.8584298e-03	
   7.4199042e-03	
   2.9459397e-02	
   1.1436616e-01	
   4.0514617e-01	
   9.6401101e-01	
   1.3877514e-01	
   4.7806641e-01	
   9.9807567e-01	
   7.6825083e-03	
   3.0493949e-02	
   1.1825627e-01	
   4.1708691e-01	
   9.7250168e-01	
   1.0696866e-01	
   3.8210545e-01	
   9.4440350e-01	
   2.1002211e-01	
   6.6365128e-01	
   8.9287303e-01	
   3.8260314e-01	
   9.4487190e-01	
   2.0835595e-01	
   6.5977500e-01	
   8.9788780e-01	
   3.6674121e-01	
   9.2896838e-01	
   2.6394453e-01	
   7.7711126e-01	
   6.9283739e-01	
   8.5125496e-01	
   5.0647982e-01	
   9.9983205e-01	
   6.7169595e-04	
   2.6849791e-03	
   1.0711080e-02	
   4.2385411e-02	
   1.6235555e-01	
   5.4398490e-01	
   9.9226131e-01	
   3.0715196e-02	
   1.1908709e-01	
   4.1962142e-01	
   9.7415714e-01	
   1.0070003e-01	
   3.6223815e-01	
   9.2408669e-01	
   2.8060191e-01	
   8.0745791e-01	
   6.2187854e-01	
   9.4058249e-01	
   2.2354828e-01	
   6.9429778e-01	
   8.4899349e-01	
   5.1281419e-01	
   9.9934319e-01	
   2.6255295e-03	
   1.0474544e-02	
   4.1459313e-02	
   1.5896175e-01	
   5.3477166e-01	
   9.9516373e-01	
   1.9251533e-02	
   7.5523646e-02	
   2.7927930e-01	
   8.0512949e-01	
   6.2758398e-01	
   9.3488931e-01	
   2.4348514e-01	
   7.3680051e-01	
   7.7570207e-01	
   6.9595348e-01	
   8.4640894e-01	
   5.2000340e-01	
   9.9839946e-01	
   6.3919284e-03	
   2.5404287e-02	
   9.9035636e-02	
   3.5691031e-01	
   9.1810137e-01	
   3.0076499e-01	
   8.4122164e-01	
   5.3427117e-01	
   9.9530195e-01	
   1.8703925e-02	
   7.3416355e-02	
   2.7210557e-01	
   7.9225652e-01	
   6.5834450e-01	
   8.9970807e-01	
   3.6093382e-01	
   9.2264239e-01	
   2.8549364e-01	
   8.1594809e-01	
   6.0070723e-01	
   9.5943222e-01	
   1.5568815e-01	
   5.2579741e-01	
   9.9733797e-01	
   1.0619755e-02	
   4.2027901e-02	
   1.6104623e-01	
   5.4044136e-01	
   9.9345799e-01	
   2.5996865e-02	
   1.0128411e-01	
   3.6410257e-01	
   9.2612755e-01	
   2.7366125e-01	
   7.9508308e-01	
   6.5170391e-01	
   9.0794369e-01	
   3.3432777e-01	
   8.9021085e-01	
   3.9094196e-01	
   9.5242538e-01	
   1.8124512e-01	
   5.9358129e-01	
   9.6497017e-01	
   1.3521098e-01	
   4.6771588e-01	
   9.9583094e-01	
   1.6606708e-02	
   6.5323702e-02	
   2.4422606e-01	
   7.3831877e-01	
   7.7281665e-01	
   7.0228431e-01	
   8.3632423e-01	
   5.4754404e-01	
   9.9095826e-01	
   3.5839954e-02	
   1.3822181e-01	
   4.7646615e-01	
   9.9778463e-01	
   8.8418411e-03	
   3.5054652e-02	
   1.3530329e-01	
   4.6798525e-01	
   9.9590022e-01	
   1.6331877e-02	
   6.4260585e-02	
   2.4052465e-01	
   7.3069017e-01	
   7.8712818e-01	
   6.7022963e-01	
   8.8408749e-01	
   4.0990721e-01	
   9.6753315e-01	
   1.2565100e-01	
   4.3945130e-01	
   9.8533542e-01	
   5.7798125e-02	
   2.1783001e-01	
   6.8152038e-01	
   8.6820141e-01	
   4.5771090e-01	
   9.9284653e-01	
   2.8409198e-02	
   1.1040846e-01	
   3.9287373e-01	
   9.5409585e-01	
   1.7518784e-01	
   5.7798824e-01	
   9.7567134e-01	
   9.4947124e-02	
   3.4372867e-01	
   9.0231709e-01	
   3.5256385e-01	
   9.1305033e-01	
   3.1755771e-01	
   8.6685924e-01	
   4.6165719e-01	
   9.9411932e-01	
   2.3384408e-02	
   9.1350311e-02	
   3.3202173e-01	
   8.8713320e-01	
   4.0051155e-01	
   9.6040819e-01	
   1.5209718e-01	
   5.1585451e-01	
   9.9899454e-01	
   4.0178029e-03	
   1.6006641e-02	
   6.3001712e-02	
   2.3612999e-01	
   7.2149046e-01	
   8.0376790e-01	
   6.3090025e-01	
   9.3146050e-01	
   2.5536736e-01	
   7.6061948e-01	
   7.2830994e-01	
   7.9149828e-01	
   6.6011500e-01	
   8.9745275e-01	
   3.6812526e-01	
   9.3043621e-01	
   2.5889869e-01	
   7.6748063e-01	
   7.1381646e-01	
   8.1713009e-01	
   5.9771404e-01	
   9.6180787e-01	
   1.4693397e-01	
   5.0137751e-01	
   9.9999241e-01	
   3.0360478e-05	
   1.2143823e-04	
   4.8569391e-04	
   1.9418321e-03	
   7.7522454e-03	
   3.0768592e-02	
   1.1928754e-01	
   4.2023210e-01	
   9.7454833e-01	
   9.9215526e-02	
   3.5748722e-01	
   9.1876043e-01	
   2.9855881e-01	
   8.3768578e-01	
   5.4387325e-01	
   9.9230055e-01	
   3.0560673e-02	
   1.1850687e-01	
   4.1785198e-01	
   9.7300681e-01	
   1.0505823e-01	
   3.7608398e-01	
   9.3857928e-01	
   2.3059286e-01	
   7.0967917e-01	
   8.2413859e-01	
   5.7973670e-01	
   9.7456824e-01	
   9.9139956e-02	
   3.5724490e-01	
   9.1848393e-01	
   2.9948481e-01	
   8.3917464e-01	
   5.3984226e-01	
   9.9365038e-01	
   2.5237222e-02	
   9.8401217e-02	
   3.5487367e-01	
   9.1575339e-01	
   3.0859646e-01	
   8.5345874e-01	
   5.0026767e-01	
   9.9999971e-01	
   1.1463603e-06	
   4.5854358e-06	
   1.8341659e-05	
   7.3365290e-05	
   2.9343963e-04	
   1.1734141e-03	
   4.6881488e-03	
   1.8664680e-02	
   7.3265240e-02	
   2.7158978e-01	
   7.9131508e-01	
   6.6054210e-01	
   8.9690494e-01	
   3.6986587e-01	
   9.3226044e-01	
   2.5260366e-01	
   7.5518019e-01	
   7.3953227e-01	
   7.7049716e-01	
   7.0732514e-01	
   8.2806514e-01	
   5.6949305e-01	
   9.8068286e-01	
   7.5775947e-02	
   2.8013581e-01	
   8.0663895e-01	
   6.2389021e-01	
   9.3860486e-01	
   2.3050311e-01	
   7.0948570e-01	
   8.2446297e-01	
   5.7889513e-01	
   9.7510223e-01	
   9.7111473e-02	
   3.5072334e-01	
   9.1086591e-01	
   3.2475680e-01	
   8.7715929e-01	
   4.3100348e-01	
   9.8095792e-01	
   7.4717911e-02	
   2.7654058e-01	
   8.0026355e-01	
   6.3936720e-01	
   9.2230713e-01	
   2.8662674e-01	
   8.1788740e-01	
   5.9579039e-01	
   9.6329680e-01	
   1.4142429e-01	
   4.8569383e-01	
   9.9918133e-01	
   3.2719815e-03	
   1.3045103e-02	
   5.1499712e-02	
   1.9538997e-01	
   6.2885091e-01	
   9.3358977e-01	
   2.4799964e-01	
   7.4598328e-01	
   7.5796891e-01	
   7.3380816e-01	
   7.8133498e-01	
   6.8340252e-01	
   8.6545407e-01	
   4.6577330e-01	
   9.9531413e-01	
   1.8655637e-02	
   7.3230418e-02	
   2.7147090e-01	
   7.9109780e-01	
   6.6104829e-01	
   8.9625379e-01	
   3.7193173e-01	
   9.3439408e-01	
   2.4520714e-01	
   7.4032240e-01	
   7.6898058e-01	
   7.1059780e-01	
   8.2259427e-01	
   5.8373174e-01	
   9.7195599e-01	
   1.0903019e-01	
   3.8857044e-01	
   9.5033381e-01	
   1.8879784e-01	
   6.1261286e-01	
   9.4927338e-01	
   1.9261373e-01	
   6.2205471e-01	
   9.4041059e-01	
   2.2415405e-01	
   6.9563605e-01	
   8.4690614e-01	
   5.1862451e-01	
   9.9861251e-01	
   5.5422600e-03	
   2.2046173e-02	
   8.6240558e-02	
   3.1521250e-01	
   8.6341431e-01	
   4.7172014e-01	
   9.9680100e-01	
   1.2755071e-02	
   5.0369516e-02	
   1.9132971e-01	
   6.1889061e-01	
   9.4346009e-01	
   2.1337259e-01	
   6.7137890e-01	
   8.8251709e-01	
   4.1472271e-01	
   9.7091114e-01	
   1.1297081e-01	
   4.0083362e-01	
   9.6066412e-01	
   1.5115429e-01	
   5.1322667e-01	
   9.9930022e-01	
   2.7971582e-03	
   1.1157336e-02	
   4.4131401e-02	
   1.6873528e-01	
   5.6105475e-01	
   9.8508927e-01	
   5.8753593e-02	
   2.2120643e-01	
   6.8909659e-01	
   8.5696992e-01	
   4.9028991e-01	
   9.9962286e-01	
   1.5080059e-03	
   6.0229271e-03	
   2.3946606e-02	
   9.3492663e-02	
   3.3900714e-01	
   8.9632520e-01	
   3.7170535e-01	
   9.3416194e-01	
   2.4601366e-01	
   7.4196375e-01	
   7.6581418e-01	
   7.1737129e-01	
   8.1099888e-01	
   6.1311878e-01	
   9.4881657e-01	
   1.9425474e-01	
   6.2607935e-01	
   9.3641599e-01	
   2.3816434e-01	
   7.2576834e-01	
   7.9611463e-01	
   6.4926451e-01	
   9.1088043e-01	
   3.2470909e-01	
   8.7709239e-01	
   4.3120533e-01	
   9.8106917e-01	
   7.4289805e-02	
   2.7508332e-01	
   7.9764995e-01	
   6.4561803e-01	
   9.1518155e-01	
   3.1049711e-01	
   8.5635462e-01	
   4.9204554e-01	
   9.9974691e-01	
   1.0121195e-03	
   4.0443805e-03	
   1.6112094e-02	
   6.3409978e-02	
   2.3755661e-01	
   7.2449387e-01	
   7.9841001e-01	
   6.4380587e-01	
   9.1727949e-01	
   3.0351131e-01	
   8.4556877e-01	
   5.2232889e-01	
   9.9800568e-01	
   7.9613613e-03	
   3.1591912e-02	
   1.2237545e-01	
   4.2959880e-01	
   9.8017469e-01	
   7.7729083e-02	
   2.8674909e-01	
   8.1809620e-01	
   5.9525924e-01	
   9.6370271e-01	
   1.3991919e-01	
   4.8136723e-01	
   9.9861128e-01	
   5.5471656e-03	
   2.2065578e-02	
   8.6314754e-02	
   3.1545807e-01	
   8.6377710e-01	
   4.7066488e-01	
   9.9655780e-01	
   1.3721393e-02	
   5.4132467e-02	
   2.0480857e-01	
   6.5144808e-01	
   9.0825391e-01	
   3.3331497e-01	
   8.8886440e-01	
   3.9513792e-01	
   9.5601578e-01	
   1.6819845e-01	
   5.5963091e-01	
   9.8577662e-01	
   5.6084314e-02	
   2.1175546e-01	
   6.6766033e-01	
   8.8756006e-01	
   3.9918881e-01	
   9.5934842e-01	
   1.5599612e-01	
   5.2664533e-01	
   9.9716011e-01	
   1.1327317e-02	
   4.4796036e-02	
   1.7115740e-01	
   5.6745019e-01	
   9.8180189e-01	
   7.1467763e-02	
   2.6544049e-01	
   7.7992734e-01	
   6.8656274e-01	
   8.6077738e-01	
   4.7935872e-01	
   9.9829575e-01	
   6.8053819e-03	
   2.7036275e-02	
   1.0522126e-01	
   3.7659898e-01	
   9.3908875e-01	
   2.2880427e-01	
   7.0581151e-01	
   8.3056649e-01	
   5.6290317e-01	
   9.8417276e-01	
   6.2306937e-02	
   2.3369913e-01	
   7.1633539e-01	
   8.1279600e-01	
   6.0863466e-01	
   9.5279404e-01	
   1.7991023e-01	
   5.9017014e-01	
   9.6747738e-01	
   1.2585960e-01	
   4.4007584e-01	
   9.8563638e-01	
   5.6629231e-02	
   2.1368944e-01	
   6.7210506e-01	
   8.8151939e-01	
   4.1777182e-01	
   9.7295411e-01	
   1.0525765e-01	
   3.7671389e-01	
   9.3920215e-01	
   2.2840590e-01	
   7.0494659e-01	
   8.3198759e-01	
   5.5913697e-01	
   9.8601128e-01	
   5.5172160e-02	
   2.0851277e-01	
   6.6014078e-01	
   8.9741972e-01	
   3.6823026e-01	
   9.3054694e-01	
   2.5851734e-01	
   7.6674449e-01	
   7.1538950e-01	
   8.1442945e-01	
   6.0453649e-01	
   9.5628849e-01	
   1.6720327e-01	
   5.5698533e-01	
   9.8701069e-01	
   5.1282363e-02	
   1.9460993e-01	
   6.2694761e-01	
   9.3553721e-01	
   2.4122934e-01	
   7.3215099e-01	
   7.8442367e-01	
   6.7641270e-01	
   8.7551423e-01	
   4.3595625e-01	
   9.8359359e-01	
   6.4548950e-02	
   2.4152953e-01	
   7.3277207e-01	
   7.8326865e-01	
   6.7903548e-01	
   8.7178518e-01	
   4.4710311e-01	
   9.8880768e-01	
   4.4268216e-02	
   1.6923416e-01	
   5.6237585e-01	
   9.8443702e-01	
   6.1283113e-02	
   2.3010997e-01	
   7.0863749e-01	
   8.2588159e-01	
   5.7520475e-01	
   9.7737698e-01	
   8.8444870e-02	
   3.2248950e-01	
   8.7396009e-01	
   4.4061540e-01	
   9.8589388e-01	
   5.5628554e-02	
   2.1013607e-01	
   6.6391561e-01	
   8.9252669e-01	
   3.8369119e-01	
   9.4588904e-01	
   2.0473185e-01	
   6.5126687e-01	
   9.0847333e-01	
   3.3259815e-01	
   8.8790648e-01	
   3.9811426e-01	
   9.5847718e-01	
   1.5919469e-01	
   5.3540697e-01	
   9.9498539e-01	
   1.9957871e-02	
   7.8238216e-02	
   2.8846799e-01	
   8.2101683e-01	
   5.8779277e-01	
   9.6916972e-01	
   1.1951909e-01	
   4.2093712e-01	
   9.7499624e-01	
   9.7514275e-02	
   3.5202096e-01	
   9.1240882e-01	
   3.1967586e-01	
   8.6993282e-01	
   4.5259883e-01	
   9.9101251e-01	
   3.5626842e-02	
   1.3743028e-01	
   4.7417279e-01	
   9.9733182e-01	
   1.0644240e-02	
   4.2123759e-02	
   1.6139739e-01	
   5.4139309e-01	
   9.9314645e-01	
   2.7226327e-02	
   1.0594022e-01	
   3.7886754e-01	
   9.4130771e-01	
   2.2099001e-01	
   6.8861371e-01	
   8.5769947e-01	
   4.8820435e-01	
   9.9944345e-01	
   2.2249593e-03	
   8.8800355e-03	
   3.5204722e-02	
   1.3586140e-01	
   4.6961231e-01	
   9.9630635e-01	
   1.4720012e-02	
   5.8013331e-02	
   2.1859114e-01	
   6.8323621e-01	
   8.6569796e-01	
   4.6506000e-01	
   9.9511679e-01	
   1.9437470e-02	
   7.6238619e-02	
   2.8170517e-01	
   8.0938947e-01	
   6.1711263e-01	
   9.4513853e-01	
   2.0740676e-01	
   6.5755678e-01	
   9.0070344e-01	
   3.5774701e-01	
   9.1905635e-01	
   2.9756710e-01	
   8.3608368e-01	
   5.4819103e-01	
   9.9071050e-01	
   3.6812826e-02	
   1.4183057e-01	
   4.8685863e-01	
   9.9930922e-01	
   2.7612191e-03	
   1.1014379e-02	
   4.3572251e-02	
   1.6669484e-01	
   5.5563068e-01	
   9.8762091e-01	
   4.8903393e-02	
   1.8604740e-01	
   6.0573507e-01	
   9.5528038e-01	
   1.7087910e-01	
   5.6671774e-01	
   9.8219497e-01	
   6.9952028e-02	
   2.6023497e-01	
   7.7005091e-01	
   7.0829002e-01	
   8.2646107e-01	
   5.7369267e-01	
   9.7827756e-01	
   8.5002292e-02	
   3.1110761e-01	
   8.5727866e-01	
   4.8940784e-01	
   9.9955122e-01	
   1.7942951e-03	
   7.1643023e-03	
   2.8451900e-02	
   1.1056956e-01	
   3.9337572e-01	
   9.5452506e-01	
   1.7362790e-01	
   5.7392500e-01	
   9.7814038e-01	
   8.5527113e-02	
   3.1284890e-01	
   8.5989787e-01	
   4.8189410e-01	
   9.9868870e-01	
   5.2383027e-03	
   2.0843451e-02	
   8.1636008e-02	
   2.9988628e-01	
   8.3981800e-01	
   5.3809492e-01	
   9.9419511e-01	
   2.3084781e-02	
   9.0207495e-02	
   3.2828041e-01	
   8.8204953e-01	
   4.1615262e-01	
   9.7187847e-01	
   1.0932284e-01	
   3.8948543e-01	
   9.5114612e-01	
   1.8586871e-01	
   6.0528612e-01	
   9.5565933e-01	
   1.6949829e-01	
   5.6307448e-01	
   9.8408644e-01	
   6.2641265e-02	
   2.3486935e-01	
   7.1882295e-01	
   8.0846607e-01	
   6.1939474e-01	
   9.4297958e-01	
   2.1507636e-01	
   6.7527407e-01	
   8.7711600e-01	
   4.3113409e-01	
   9.8102994e-01	
   7.4440771e-02	
   2.7559737e-01	
   7.9857384e-01	
   6.4341465e-01	
   9.1772895e-01	
   3.0201009e-01	
   8.4319998e-01	
   5.2885508e-01	
   9.9666954e-01	
   1.3277485e-02	
   5.2404775e-02	
   1.9863406e-01	
   6.3671427e-01	
   9.2523683e-01	
   2.7669456e-01	
   8.0053872e-01	
   6.3870591e-01	
   9.2304268e-01	
   2.8413957e-01	
   8.1361710e-01	
   6.0657727e-01	
   9.5456514e-01	
   1.7348212e-01	
   5.7354429e-01	
   9.7836495e-01	
   8.4667899e-02	
   3.0999698e-01	
   8.5559542e-01	
   4.9420760e-01	
   9.9986579e-01	
   5.3675830e-04	
   2.1458808e-03	
   8.5651039e-03	
   3.3966972e-02	
   1.3125287e-01	
   4.5610220e-01	
   9.9229193e-01	
   3.0594608e-02	
   1.1863431e-01	
   4.1824084e-01	
   9.7326176e-01	
   1.0409322e-01	
   3.7303128e-01	
   9.3551577e-01	
   2.4130404e-01	
   7.3230560e-01	
   7.8413643e-01	
   6.7706596e-01	
   8.7459059e-01	
   4.3872757e-01	
   9.8498276e-01	
   5.9166902e-02	
   2.2266472e-01	
   6.9234057e-01	
   8.5202043e-01	
   5.0432647e-01	
   9.9992513e-01	
   2.9947156e-04	
   1.1975275e-03	
   4.7843738e-03	
   1.9045934e-02	
   7.4732747e-02	
   2.7659105e-01	
   8.0035377e-01	
   6.3915045e-01	
   9.2254860e-01	
   2.8581071e-01	
   8.1649179e-01	
   5.9933179e-01	
   9.6053278e-01	
   1.5163823e-01	
   5.1457630e-01	
   9.9915013e-01	
   3.3966081e-03	
   1.3540285e-02	
   5.3427781e-02	
   2.0229301e-01	
   6.4548220e-01	
   9.1533972e-01	
   3.0997168e-01	
   8.5555694e-01	
   4.9431704e-01	
   9.9987082e-01	
   5.1666964e-04	
   2.0656108e-03	
   8.2453760e-03	
   3.2709559e-02	
   1.2655858e-01	
   4.4216601e-01	
   9.8662092e-01	
   5.2800327e-02	
   2.0004981e-01	
   6.4011953e-01	
   9.2146607e-01	
   2.8946542e-01	
   8.2270076e-01	
   5.8345687e-01	
   9.7213981e-01	
   1.0833602e-01	
   3.8639730e-01	
   9.4837771e-01	
   1.9582973e-01	
   6.2992179e-01	
   9.3248131e-01	
   2.5183966e-01	
   7.5366578e-01	
   7.4261470e-01	
   7.6455244e-01	
   7.2004804e-01	
   8.0631545e-01	
   6.2468338e-01	
   9.3781621e-01	
   2.3326785e-01	
   7.1541584e-01	
   8.1438407e-01	
   6.0465064e-01	
   9.5619298e-01	
   1.6755187e-01	
   5.5791296e-01	
   9.8658435e-01	
   5.2942665e-02	
   2.0055896e-01	
   6.4134024e-01	
   9.2009174e-01	
   2.9409171e-01	
   8.3040711e-01	
   5.6332458e-01	
   9.8395999e-01	
   6.3130910e-02	
   2.3658159e-01	
   7.2244297e-01	
   8.0207649e-01	
   6.3499917e-01	
   9.2710090e-01	
   2.7033929e-01	
   7.8902383e-01	
   6.6586090e-01	
   8.8996065e-01	
   3.9172276e-01	
   9.5310416e-01	
   1.7878649e-01	
   5.8728752e-01	
   9.6952356e-01	
   1.1819051e-01	
   4.1688606e-01	
   9.7236829e-01	
   1.0747280e-01	
   3.8368959e-01	
   9.4588755e-01	
   2.0473716e-01	
   6.5127943e-01	
   9.0845813e-01	
   3.3264781e-01	
   8.8797298e-01	
   3.9790788e-01	
   9.5830880e-01	
   1.5981219e-01	
   5.3708900e-01	
   9.9449762e-01	
   2.1888404e-02	
   8.5637206e-02	
   3.1321390e-01	
   8.6044381e-01	
   4.8032104e-01	
   9.9845095e-01	
   6.1865848e-03	
   2.4593244e-02	
   9.5953664e-02	
   3.4698623e-01	
   9.0634715e-01	
   3.3952798e-01	
   8.9699492e-01	
   3.6958014e-01	
   9.3196264e-01	
   2.5363310e-01	
   7.5721341e-01	
   7.3536505e-01	
   7.7841318e-01	
   6.8994440e-01	
   8.5568450e-01	
   4.9395415e-01	
   9.9985379e-01	
   5.8475193e-04	
   2.3376400e-03	
   9.3287016e-03	
   3.6966708e-02	
   1.4240068e-01	
   4.8849091e-01	
   9.9947016e-01	
   2.1182240e-03	
   8.4549483e-03	
   3.3533849e-02	
   1.2963732e-01	
   4.5132594e-01	
   9.9052334e-01	
   3.7547402e-02	
   1.4455038e-01	
   4.9462227e-01	
   9.9988432e-01	
   4.6266624e-04	
   1.8498087e-03	
   7.3855477e-03	
   2.9324006e-02	
   1.1385643e-01	
   4.0357258e-01	
   9.6280701e-01	
   1.4323867e-01	
   4.9088542e-01	
   9.9966770e-01	
   1.3287670e-03	
   5.3080056e-03	
   2.1119323e-02	
   8.2693187e-02	
   3.0342010e-01	
   8.4542537e-01	
   5.2272527e-01	
   9.9793425e-01	
   8.2459358e-03	
   3.2711761e-02	
   1.2656681e-01	
   4.4219060e-01	
   9.8663230e-01	
   5.2756037e-02	
   1.9989135e-01	
   6.3973920e-01	
   9.2189183e-01	
   2.8802915e-01	
   8.2027343e-01	
   5.8969973e-01	
   9.6781584e-01	
   1.2459337e-01	
   4.3627946e-01	
   9.8375877e-01	
   6.3909814e-02	
   2.3930140e-01	
   7.2814496e-01	
   7.9179951e-01	
   6.5941218e-01	
   8.9835103e-01	
   3.6526583e-01	
   9.2738682e-01	
   2.6936203e-01	
   7.8722451e-01	
   6.7000833e-01	
   8.8438867e-01	
   4.0898140e-01	
   9.6686246e-01	
   1.2815778e-01	
   4.4693345e-01	
   9.8873576e-01	
   4.4549414e-02	
   1.7025905e-01	
   5.6508363e-01	
   9.8305648e-01	
   6.6625740e-02	
   2.4874700e-01	
   7.4748773e-01	
   7.5499930e-01	
   7.3990143e-01	
   7.6978921e-01	
   7.0885513e-01	
   8.2551814e-01	
   5.7615177e-01	
   9.7680363e-01	
   9.0633187e-02	
   3.2967525e-01	
   8.8395792e-01	
   4.1030527e-01	
   9.6781942e-01	
   1.2457996e-01	
   4.3623917e-01	
   9.8373823e-01	
   6.3989312e-02	
   2.3957872e-01	
   7.2872303e-01	
   7.9074310e-01	
   6.6187379e-01	
   8.9518751e-01	
   3.7530734e-01	
   9.3780696e-01	
   2.3330026e-01	
   7.1548499e-01	
   8.1426487e-01	
   6.0495036e-01	
   9.5594169e-01	
   1.6846869e-01	
   5.6034797e-01	
   9.8543249e-01	
   5.7421198e-02	
   2.1649602e-01	
   6.7850196e-01	
   8.7254819e-01	
   4.4483137e-01	
   9.8782569e-01	
   4.8104386e-02	
   1.8316142e-01	
   5.9845325e-01	
   9.6122783e-01	
   1.4907554e-01	
   5.0740810e-01	
   9.9978048e-01	
   8.7788689e-04	
   3.5084648e-03	
   1.3984622e-02	
   5.5156209e-02	
   2.0845601e-01	
   6.6000840e-01	
   8.9758925e-01	
   3.6769116e-01	
   9.2997749e-01	
   2.6047745e-01	
   7.7051579e-01	
   7.0728484e-01	
   8.2813199e-01	
   5.6931760e-01	
   9.8078028e-01	
   7.5401280e-02	
   2.7886371e-01	
   8.0439496e-01	
   6.2937483e-01	
   9.3304861e-01	
   2.4987560e-01	
   7.4975113e-01	
   7.5049749e-01	
   7.4900403e-01	
   7.5198797e-01	
   7.4600824e-01	
   7.5791978e-01	
   7.3390955e-01	
   7.8114529e-01	
   6.8382930e-01	
   8.6482715e-01	
   4.6760461e-01	
   9.9580216e-01	
   1.6720892e-02	
   6.5765214e-02	
   2.4576060e-01	
   7.4144932e-01	
   7.6680891e-01	
   7.1525203e-01	
   8.1466626e-01	
   6.0394058e-01	
   9.5678543e-01	
   1.6538830e-01	
   5.5214004e-01	
   9.8912566e-01	
   4.3024336e-02	
   1.6469297e-01	
   5.5027678e-01	
   9.8988898e-01	
   4.0035144e-02	
   1.5372933e-01	
   5.2038648e-01	
   9.9833757e-01	
   6.6386824e-03	
   2.6378441e-02	
   1.0273048e-01	
   3.6870770e-01	
   9.3104933e-01	
   2.5678591e-01	
   7.6338762e-01	
   7.2250784e-01	
   8.0196104e-01	
   6.3527811e-01	
   9.2679933e-01	
   2.7136933e-01	
   7.9091206e-01	
   6.6148069e-01	
   8.9569595e-01	
   3.7369885e-01	
   9.3619208e-01	
   2.3894587e-01	
   7.2740297e-01	
   7.9315155e-01	
   6.5624867e-01	
   9.0234541e-01	
   3.5247269e-01	
   9.1294277e-01	
   3.1791306e-01	
   8.6737739e-01	
   4.6013541e-01	
   9.9364326e-01	
   2.5265334e-02	
   9.8507989e-02	
   3.5521666e-01	
   9.1615114e-01	
   3.0727292e-01	
   8.5142510e-01	
   5.0600160e-01	
   9.9985592e-01	
   5.7622511e-04	
   2.3035723e-03	
   9.1930634e-03	
   3.6434204e-02	
   1.4042701e-01	
   4.8282906e-01	
   9.9882064e-01	
   4.7118939e-03	
   1.8758768e-02	
   7.3627507e-02	
   2.7282599e-01	
   7.9356787e-01	
   6.5527162e-01	
   9.0356290e-01	
   3.4854795e-01	
   9.0824910e-01	
   3.3333067e-01	
   8.8888534e-01	
   3.9507276e-01	
   9.5596109e-01	
   1.6839792e-01	
   5.6016025e-01	
   9.8552298e-01	
   5.7069748e-02	
   2.1525117e-01	
   6.7567241e-01	
   8.7655682e-01	
   4.3281984e-01	
   9.8194730e-01	
   7.0907189e-02	
   2.6351744e-01	
   7.7630399e-01	
   6.9462441e-01	
   8.4848535e-01	
   5.1423185e-01	
   9.9918982e-01	
   3.2381014e-03	
   1.2910464e-02	
   5.0975137e-02	
   1.9350669e-01	
   6.2424740e-01	
   9.3825033e-01	
   2.3174659e-01	
   7.1216042e-01	
   8.1995182e-01	
   5.9052334e-01	
   9.6722210e-01	
   1.2681404e-01	
   4.4292896e-01	
   9.8697158e-01	
   5.1434705e-02	
   1.9515670e-01	
   6.2828226e-01	
   9.3417465e-01	
   2.4596950e-01	
   7.4187403e-01	
   7.6598782e-01	
   7.1700193e-01	
   8.1164066e-01	
   6.1152041e-01	
   9.5025280e-01	
   1.8908968e-01	
   6.1333909e-01	
   9.4861701e-01	
   1.9497113e-01	
   6.2782955e-01	
   9.3463842e-01	
   2.4435776e-01	
   7.3858818e-01	
   7.7230272e-01	
   7.0340491e-01	
   8.3450576e-01	
   5.5242358e-01	
   9.8900707e-01	
   4.3488330e-02	
   1.6638838e-01	
   5.5481315e-01	
   9.8798207e-01	
   4.7493978e-02	
   1.8095320e-01	
   5.9283656e-01	
   9.6552549e-01	
   1.3314406e-01	
   4.6166687e-01	
   9.9412228e-01	
   2.3372674e-02	
   9.1305568e-02	
   3.3187544e-01	
   8.8693653e-01	
   4.0112047e-01	
   9.6089136e-01	
   1.5031663e-01	
   5.1088617e-01	
   9.9952597e-01	
   1.8952386e-03	
   7.5665868e-03	
   3.0037334e-02	
   1.1654037e-01	
   4.1183485e-01	
   9.6890763e-01	
   1.2050255e-01	
   4.2392675e-01	
   9.7685144e-01	
   9.0450804e-02	
   3.2907783e-01	
   8.8314244e-01	
   4.1280748e-01	
   9.6958986e-01	
   1.1794146e-01	
   4.1612510e-01	
   9.7186000e-01	
   1.0939254e-01	
   3.8970326e-01	
   9.5133852e-01	
   1.8517418e-01	
   6.0353880e-01	
   9.5711887e-01	
   1.6416937e-01	
   5.4887115e-01	
   9.9044644e-01	
   3.7849155e-02	
   1.4566638e-01	
   4.9779076e-01	
   9.9998048e-01	
   7.8090603e-05	
   3.1233802e-04	
   1.2489619e-03	
   4.9896078e-03	
   1.9858847e-02	
   7.7857891e-02	
   2.8718416e-01	
   8.1883767e-01	
   5.9337016e-01	
   9.6512806e-01	
   1.3462357e-01	
   4.6600025e-01	
   9.9537607e-01	
   1.8410203e-02	
   7.2285071e-02	
   2.6823976e-01	
   7.8514876e-01	
   6.7476073e-01	
   8.7783475e-01	
   4.2896362e-01	
   9.7981533e-01	
   7.9108991e-02	
   2.9140303e-01	
   8.2594922e-01	
   5.7502842e-01	
   9.7748295e-01	
   8.8040140e-02	
   3.2115629e-01	
   8.7205972e-01	
   4.4628627e-01	
   9.8845934e-01	
   4.5629888e-02	
   1.7419120e-01	
   5.7539451e-01	
   9.7726267e-01	
   8.8881378e-02	
   3.2392591e-01	
   8.7599167e-01	
   4.3452107e-01	
   9.8285004e-01	
   6.7423365e-02	
   2.5150982e-01	
   7.5301052e-01	
   7.4394271e-01	
   7.6196781e-01	
   7.2549146e-01	
   7.9661440e-01	
   6.4807958e-01	
   9.1228975e-01	
   3.2006864e-01	
   8.7049882e-01	
   4.5092248e-01	
   9.9036559e-01	
   3.8166353e-02	
   1.4683873e-01	
   5.0110847e-01	
   9.9999509e-01	
   1.9659051e-05	
   7.8634660e-05	
   3.1451391e-04	
   1.2576599e-03	
   5.0243130e-03	
   1.9996277e-02	
   7.8385704e-02	
   2.8896554e-01	
   8.2185783e-01	
   5.8563016e-01	
   9.7066990e-01	
   1.1387936e-01	
   4.0364342e-01	
   9.6286163e-01	
   1.4303643e-01	
   4.9030803e-01	
   9.9962426e-01	
   1.5023833e-03	
   6.0005047e-03	
   2.3857995e-02	
   9.3155163e-02	
   3.3790911e-01	
   8.9490618e-01	
   3.7619644e-01	
   9.3869072e-01	
   2.3020182e-01	
   7.0883577e-01	
   8.2555049e-01	
   5.7606752e-01	
   9.7685493e-01	
   9.0437495e-02	
   3.2903422e-01	
   8.8308281e-01	
   4.1299025e-01	
   9.6971722e-01	
   1.1746294e-01	
   4.1466160e-01	
   9.7086943e-01	
   1.1312791e-01	
   4.0131995e-01	
   9.6104899e-01	
   1.4973531e-01	
   5.0925859e-01	
   9.9965711e-01	
   1.3710730e-03	
   5.4767727e-03	
   2.1787111e-02	
   8.5249730e-02	
   3.1192885e-01	
   8.5851698e-01	
   4.8586231e-01	
   9.9920050e-01	
   3.1954299e-03	
   1.2740877e-02	
   5.0314187e-02	
   1.9113068e-01	
   6.1839897e-01	
   9.4392674e-01	
   2.1171620e-01	
   6.6756980e-01	
   8.8768145e-01	
   3.9881237e-01	
   9.5904426e-01	
   1.5711349e-01	
   5.2971536e-01	
   9.9646799e-01	
   1.4078139e-02	
   5.5519780e-02	
   2.0974934e-01	
   6.6301821e-01	
   8.9370025e-01	
   3.8000045e-01	
   9.4240044e-01	
   2.1712742e-01	
   6.7993241e-01	
   8.7049731e-01	
   4.5092696e-01	
   9.9036735e-01	
   3.8159453e-02	
   1.4681324e-01	
   5.0103644e-01	
   9.9999570e-01	
   1.7187148e-05	
   6.8747410e-05	
   2.7497073e-04	
   1.0995805e-03	
   4.3934857e-03	
   1.7496732e-02	
   6.8762385e-02	
   2.5613648e-01	
   7.6212233e-01	
   7.2516753e-01	
   7.9719833e-01	
   6.4669261e-01	
   9.1392511e-01	
   3.1466401e-01	
   8.6260228e-01	
   4.7407836e-01	
   9.9731227e-01	
   1.0722009e-02	
   4.2428190e-02	
   1.6251216e-01	
   5.4440782e-01	
   9.9211178e-01	
   3.1303974e-02	
   1.2129614e-01	
   4.2633355e-01	
   9.7829302e-01	
   8.4943159e-02	
   3.1091128e-01	
   8.5698182e-01	
   4.9025592e-01	
   9.9962021e-01	
   1.5185751e-03	
   6.0650761e-03	
   2.4113164e-02	
   9.4126877e-02	
   3.4106803e-01	
   8.9896252e-01	
   3.6331564e-01	
   9.2526955e-01	
   2.7658325e-01	
   8.0033983e-01	
   6.3918394e-01	
   9.2251132e-01	
   2.8593673e-01	
   8.1670767e-01	
   5.9878500e-01	
   9.6096610e-01	
   1.5004103e-01	
   5.1011489e-01	
   9.9959076e-01	
   1.6363050e-03	
   6.5345102e-03	
   2.5967242e-02	
   1.0117178e-01	
   3.6374419e-01	
   9.2573742e-01	
   2.7499061e-01	
   7.9748309e-01	
   6.4601525e-01	
   9.1471819e-01	
   3.1203528e-01	
   8.5867706e-01	
   4.8540306e-01	
   9.9914772e-01	
   3.4062230e-03	
   1.3578483e-02	
   5.3576430e-02	
   2.0282399e-01	
   6.4674566e-01	
   9.1386284e-01	
   3.1487020e-01	
   8.6290783e-01	
   4.7319163e-01	
   9.9712524e-01	
   1.1465965e-02	
   4.5337986e-02	
   1.7312981e-01	
   5.7262353e-01	
   9.7890329e-01	
   8.2606539e-02	
   3.0313079e-01	
   8.4497006e-01	
   5.2398262e-01	
   9.9769934e-01	
   9.1814877e-03	
   3.6388752e-02	
   1.4025844e-01	
   4.8234405e-01	
   9.9875307e-01	
   4.9815029e-03	
   1.9826750e-02	
   7.7734601e-02	
   2.8676773e-01	
   8.1812800e-01	
   5.9517831e-01	
   9.6376436e-01	
   1.3969047e-01	
   4.8070818e-01	
   9.9851130e-01	
   5.9459254e-03	
   2.3642285e-02	
   9.2333311e-02	
   3.3523148e-01	
   8.9140534e-01	
   3.8720743e-01	
   9.4911134e-01	
   1.9319601e-01	
   6.2348525e-01	
   9.3900557e-01	
   2.2909643e-01	
   7.0644501e-01	
   8.2952183e-01	
   5.6566146e-01	
   9.8275429e-01	
   6.7793180e-02	
   2.5278906e-01	
   7.5554701e-01	
   7.3878291e-01	
   7.7193088e-01	
   7.0421438e-01	
   8.3318595e-01	
   5.5594850e-01	
   9.8747906e-01	
   4.9456659e-02	
   1.8804279e-01	
   6.1073080e-01	
   9.5095476e-01	
   1.8655922e-01	
   6.0701951e-01	
   9.5418730e-01	
   1.7485559e-01	
   5.7712445e-01	
   9.7620728e-01	
   9.2906514e-02	
   3.3709957e-01	
   8.9385380e-01	
   3.7951672e-01	
   9.4193512e-01	
   2.1877340e-01	
   6.8364639e-01	
   8.6509601e-01	
   4.6681961e-01	
   9.9559625e-01	
   1.7537441e-02	
   6.8919518e-02	
   2.5667847e-01	
   7.6317853e-01	
   7.2294824e-01	
   8.0117633e-01	
   6.3717127e-01	
   9.2473617e-01	
   2.7839673e-01	
   8.0356796e-01	
   6.3138597e-01	
   9.3095090e-01	
   2.5712528e-01	
   7.6404748e-01	
   7.2111572e-01	
   8.0443135e-01	
   6.2928620e-01	
   9.3314031e-01	
   2.4955788e-01	
   7.4911499e-01	
   7.5176689e-01	
   7.4645373e-01	
   7.5704224e-01	
   7.3571716e-01	
   7.7774969e-01	
   6.9142044e-01	
   8.5343286e-01	
   5.0034085e-01	
   9.9999954e-01	
   1.8588811e-06	
   7.4355106e-06	
   2.9741821e-05	
   1.1896375e-04	
   4.7579837e-04	
   1.9022880e-03	
   7.5946771e-03	
   3.0147992e-02	
   1.1695636e-01	
   4.1311028e-01	
   9.6980071e-01	
   1.1714918e-01	
   4.1370099e-01	
   9.7020992e-01	
   1.1561052e-01	
   4.0897890e-01	
   9.6686064e-01	
   1.2816458e-01	
   4.4695369e-01	
   9.8874436e-01	
   4.4515817e-02	
   1.7013664e-01	
   5.6476065e-01	
   9.8322423e-01	
   6.5977358e-02	
   2.4649738e-01	
   7.4294569e-01	
   7.6390956e-01	
   7.2140698e-01	
   8.0391580e-01	
   6.3054075e-01	
   9.3183645e-01	
   2.5406913e-01	
   7.5807202e-01	
   7.3359532e-01	
   7.8173291e-01	
   6.8250628e-01	
   8.6676583e-01	
   4.6193129e-01	
   9.9420309e-01	
   2.3053207e-02	
   9.0087025e-02	
   3.2788541e-01	
   8.8150628e-01	
   4.1781185e-01	
   9.7298043e-01	
   1.0515805e-01	
   3.7639933e-01	
   9.3889150e-01	
   2.2949701e-01	
   7.0731253e-01	
   8.2808605e-01	
   5.6943817e-01	
   9.8071336e-01	
   7.5658656e-02	
   2.7973770e-01	
   8.0593807e-01	
   6.2560759e-01	
   9.3689093e-01	
   2.3650525e-01	
   7.2228206e-01	
   8.0236274e-01	
   6.3430711e-01	
   9.2784641e-01	
   2.6778981e-01	
   7.8431371e-01	
   6.7666285e-01	
   8.7516095e-01	
   4.3701704e-01	
   9.8413259e-01	
   6.2462552e-02	
   2.3424393e-01	
   7.1749484e-01	
   8.1078399e-01	
   6.1365326e-01	
   9.4833175e-01	
   1.9599457e-01	
   6.3032279e-01	
   9.3206388e-01	
   2.5328322e-01	
   7.5652332e-01	
   7.3678314e-01	
   7.7573498e-01	
   6.9588089e-01	
   8.4652270e-01	
   5.1968806e-01	
   9.9844952e-01	
   6.1922994e-03	
   2.4615819e-02	
   9.6039522e-02	
   3.4726373e-01	
   9.0668653e-01	
   3.3842427e-01	
   8.9557314e-01	
   3.7408757e-01	
   9.3658424e-01	
   2.3757679e-01	
   7.2453624e-01	
   7.9833390e-01	
   6.4398753e-01	
   9.1707036e-01	
   3.0420924e-01	
   8.4666392e-01	
   5.1929651e-01	
   9.9851058e-01	
   5.9488132e-03	
   2.3653699e-02	
   9.2376807e-02	
   3.3537333e-01	
   8.9159224e-01	
   3.8662207e-01	
   9.4858178e-01	
   1.9509754e-01	
   6.2813797e-01	
   9.3432264e-01	
   2.4545537e-01	
   7.4082812e-01	
   7.6800727e-01	
   7.1268841e-01	
   8.1905456e-01	
   5.9281674e-01	
   9.6554021e-01	
   1.3308925e-01	
   4.6150601e-01	
   9.9407285e-01	
   2.3568077e-02	
   9.2050490e-02	
   3.3430879e-01	
   8.9018569e-01	
   3.9102050e-01	
   9.5249388e-01	
   1.8099716e-01	
   5.9294876e-01	
   9.6544211e-01	
   1.3345456e-01	
   4.6257775e-01	
   9.9439830e-01	
   2.2281276e-02	
   8.7139282e-02	
   3.1818411e-01	
   8.6777193e-01	
   4.5897523e-01	
   9.9326787e-01	
   2.6747216e-02	
   1.0412721e-01	
   3.7313893e-01	
   9.3562508e-01	
   2.4092317e-01	
   7.3151678e-01	
   7.8559992e-01	
   6.7373073e-01	
   8.7927053e-01	
   4.2461547e-01	
   9.7726869e-01	
   8.8858390e-02	
   3.2385030e-01	
   8.7588514e-01	
   4.3484145e-01	
   9.8301745e-01	
   6.6776565e-02	
   2.4926982e-01	
   7.4853751e-01	
   7.5291642e-01	
   7.4413313e-01	
   7.6159605e-01	
   7.2627002e-01	
   7.9520751e-01	
   6.5141011e-01	
   9.0829992e-01	
   3.3316472e-01	
   8.8866395e-01	
   3.9576133e-01	
   9.5653720e-01	
   1.6629514e-01	
   5.5456427e-01	
   9.8809096e-01	
   4.7068856e-02	
   1.7941351e-01	
   5.8889722e-01	
   9.6838914e-01	
   1.2244647e-01	
   4.2981332e-01	
   9.8029532e-01	
   7.7265617e-02	
   2.8518257e-01	
   8.1541388e-01	
   6.0205633e-01	
   9.5833802e-01	
   1.5970504e-01	
   5.3679735e-01	
   9.9458382e-01	
   2.1547383e-02	
   8.4332374e-02	
   3.0888170e-01	
   8.5389518e-01	
   4.9903280e-01	
   9.9999626e-01	
   1.4967411e-05	
   5.9868748e-05	
   2.3946065e-04	
   9.5761325e-04	
   3.8267849e-03	
   1.5248562e-02	
   6.0064175e-02	
   2.2582588e-01	
   6.9931421e-01	
   8.4109539e-01	
   5.3461575e-01	
   9.9520700e-01	
   1.9080111e-02	
   7.4864242e-02	
   2.7703835e-01	
   8.0115241e-01	
   6.3722891e-01	
   9.2467291e-01	
   2.7861169e-01	
   8.0394886e-01	
   6.3046036e-01	
   9.3192038e-01	
   2.5377915e-01	
   7.5750116e-01	
   7.3477260e-01	
   7.7952730e-01	
   6.8745795e-01	
   8.5943807e-01	
   4.8321710e-01	
   9.9887334e-01	
   4.5015736e-03	
   1.7925238e-02	
   7.0415694e-02	
   2.6182930e-01	
   7.7309886e-01	
   7.0166804e-01	
   8.3732000e-01	
   5.4486086e-01	
   9.9195001e-01	
   3.1940738e-02	
   1.2368211e-01	
   4.3353938e-01	
   9.8233195e-01	
   6.9423577e-02	
   2.5841578e-01	
   7.6654825e-01	
   7.1580812e-01	
   8.1370742e-01	
   6.0635061e-01	
   9.5475819e-01	
   1.7277994e-01	
   5.7170814e-01	
   9.7943177e-01	
   8.0580706e-02	
   2.9634982e-01	
   8.3410642e-01	
   5.5349159e-01	
   9.8855460e-01	
   4.5257614e-02	
   1.7283745e-01	
   5.7185867e-01	
   9.7934533e-01	
   8.0912225e-02	
   2.9746175e-01	
   8.3591302e-01	
   5.4864976e-01	
   9.9053280e-01	
   3.7510277e-02	
   1.4441302e-01	
   4.9423161e-01	
   9.9986690e-01	
   5.3231838e-04	
   2.1281401e-03	
   8.4944444e-03	
   3.3689155e-02	
   1.3021678e-01	
   4.5304149e-01	
   9.9117960e-01	
   3.4970422e-02	
   1.3498997e-01	
   4.6707070e-01	
   9.9566264e-01	
   1.7274171e-02	
   6.7903097e-02	
   2.5316907e-01	
   7.5629796e-01	
   7.3724542e-01	
   7.7485844e-01	
   6.9781134e-01	
   8.4348269e-01	
   5.2807856e-01	
   9.9684638e-01	
   1.2574711e-02	
   4.9666350e-02	
   1.8879841e-01	
   6.1261429e-01	
   9.4927208e-01	
   1.9261838e-01	
   6.2206616e-01	
   9.4039941e-01	
   2.2419344e-01	
   6.9572297e-01	
   8.4677008e-01	
   5.1900206e-01	
   9.9855569e-01	
   5.7689054e-03	
   2.2942501e-02	
   8.9664569e-02	
   3.2649934e-01	
   8.7959008e-01	
   4.2364549e-01	
   9.7667995e-01	
   9.1104886e-02	
   3.3121914e-01	
   8.8605209e-01	
   4.0385514e-01	
   9.6302466e-01	
   1.4243265e-01	
   4.8858236e-01	
   9.9947855e-01	
   2.0847116e-03	
   8.3214623e-03	
   3.3008862e-02	
   1.2767711e-01	
   4.4550266e-01	
   9.8812016e-01	
   4.6954839e-02	
   1.7900033e-01	
   5.8783684e-01	
   9.6913876e-01	
   1.1963531e-01	
   4.2129080e-01	
   9.7521945e-01	
   9.6665903e-02	
   3.4928642e-01	
   9.0914167e-01	
   3.3041237e-01	
   8.8496014e-01	
   4.0722277e-01	
   9.6556954e-01	
   1.3298000e-01	
   4.6118528e-01	
   9.9397367e-01	
   2.3960053e-02	
   9.3543876e-02	
   3.3917368e-01	
   8.9653958e-01	
   3.7102546e-01	
   9.3346227e-01	
   2.4844183e-01	
   7.4687395e-01	
   7.5621302e-01	
   7.3741955e-01	
   7.7452782e-01	
   6.9853789e-01	
   8.4233082e-01	
   5.3123845e-01	
   9.9609664e-01	
   1.5552503e-02	
   6.1242489e-02	
   2.2996739e-01	
   7.0832955e-01	
   8.2639519e-01	
   5.7386471e-01	
   9.7817602e-01	
   8.5390786e-02	
   3.1239680e-01	
   8.5922016e-01	
   4.8384352e-01	
   9.9895587e-01	
   4.1721499e-03	
   1.6618972e-02	
   6.5371127e-02	
   2.4439097e-01	
   7.3865610e-01	
   7.7217306e-01	
   7.0368730e-01	
   8.3404594e-01	
   5.5365324e-01	
   9.8848532e-01	
   4.5528364e-02	
   1.7382213e-01	
   5.7443198e-01	
   9.7783952e-01	
   8.6677573e-02	
   3.1665828e-01	
   8.6554326e-01	
   4.6551250e-01	
   9.9524245e-01	
   1.8939668e-02	
   7.4323829e-02	
   2.7519919e-01	
   7.9785839e-01	
   6.4512153e-01	
   9.1575897e-01	
   3.0857793e-01	
   8.5343036e-01	
   5.0034793e-01	
   9.9999952e-01	
   1.9368803e-06	
   7.7475062e-06	
   3.0989785e-05	
   1.2395530e-04	
   4.9575973e-04	
   1.9820558e-03	
   7.9125091e-03	
   3.1399605e-02	
   1.2165468e-01	
   4.2741927e-01	
   9.7892815e-01	
   8.2511297e-02	
   3.0281273e-01	
   8.4446872e-01	
   5.2536520e-01	
   9.9742643e-01	
   1.0267799e-02	
   4.0649483e-02	
   1.5598841e-01	
   5.2662411e-01	
   9.9716463e-01	
   1.1309332e-02	
   4.4725724e-02	
   1.7090133e-01	
   5.6677627e-01	
   9.8216372e-01	
   7.0072599e-02	
   2.6064972e-01	
   7.7084577e-01	
   7.0657027e-01	
   8.2931489e-01	
   5.6620681e-01	
   9.8246663e-01	
   6.8903801e-02	
   2.5662427e-01	
   7.6307301e-01	
   7.2317036e-01	
   8.0077997e-01	
   6.3812564e-01	
   9.2368523e-01	
   2.8196332e-01	
   8.0984002e-01	
   6.1599666e-01	
   9.4617910e-01	
   2.0369683e-01	
   6.4881773e-01	
   9.1141314e-01	
   3.2295692e-01	
   8.7462299e-01	
   4.3863045e-01	
   9.8493511e-01	
   5.9351741e-02	
   2.2331645e-01	
   6.9378484e-01	
   8.4978974e-01	
   5.1058856e-01	
   9.9955153e-01	
   1.7930781e-03	
   7.1594518e-03	
   2.8432776e-02	
   1.1049741e-01	
   3.9315094e-01	
   9.5433311e-01	
   1.7432568e-01	
   5.7574496e-01	
   9.7705081e-01	
   8.9690116e-02	
   3.2658320e-01	
   8.7970645e-01	
   4.2329205e-01	
   9.7646356e-01	
   9.1929895e-02	
   3.3391516e-01	
   8.8966330e-01	
   3.9265004e-01	
   9.5390395e-01	
   1.7588482e-01	
   5.7979741e-01	
   9.7452949e-01	
   9.9287035e-02	
   3.5771648e-01	
   9.1902160e-01	
   2.9768360e-01	
   8.3627230e-01	
   5.4768377e-01	
   9.9090503e-01	
   3.6049000e-02	
   1.3899788e-01	
   4.7870987e-01	
   9.9818692e-01	
   7.2391649e-03	
   2.8747038e-02	
   1.1168258e-01	
   3.9683833e-01	
   9.5743068e-01	
   1.6302869e-01	
   5.4580134e-01	
   9.9160895e-01	
   3.3282564e-02	
   1.2869934e-01	
   4.4854328e-01	
   9.8940882e-01	
   4.1916020e-02	
   1.6063627e-01	
   5.3932903e-01	
   9.9381291e-01	
   2.4595247e-02	
   9.5961283e-02	
   3.4701086e-01	
   9.0637729e-01	
   3.3942999e-01	
   8.9686908e-01	
   3.6997973e-01	
   9.3237892e-01	
   2.5219389e-01	
   7.5436854e-01	
   7.4118659e-01	
   7.6731612e-01	
   7.1416837e-01	
   8.1652763e-01	
   5.9924104e-01	
   9.6060486e-01	
   1.5137264e-01	
   5.1383585e-01	
   9.9923428e-01	
   3.0605454e-03	
   1.2204714e-02	
   4.8223035e-02	
   1.8359030e-01	
   5.9953959e-01	
   9.6036748e-01	
   1.5224715e-01	
   5.1627181e-01	
   9.9894091e-01	
   4.2318642e-03	
   1.6855822e-02	
   6.6286814e-02	
   2.4757149e-01	
   7.4511939e-01	
   7.5966594e-01	
   7.3029439e-01	
   7.8785797e-01	
   6.6855116e-01	
   8.8636202e-01	
   4.0289755e-01	
   9.6228446e-01	
   1.4517232e-01	
   4.9638926e-01	
   9.9994785e-01	
   2.0858833e-04	
   8.3417928e-04	
   3.3339337e-03	
   1.3291274e-02	
   5.2458466e-02	
   1.9882630e-01	
   6.3717761e-01	
   9.2472921e-01	
   2.7842038e-01	
   8.0360989e-01	
   6.3128413e-01	
   9.3105791e-01	
   2.5675632e-01	
   7.6333004e-01	
   7.2262915e-01	
   8.0174504e-01	
   6.3579973e-01	
   9.2623373e-01	
   2.7329922e-01	
   7.9442702e-01	
   6.5325093e-01	
   9.0605661e-01	
   3.4047211e-01	
   8.9820340e-01	
   3.6573619e-01	
   9.2789292e-01	
   2.6763059e-01	
   7.8401783e-01	
   6.7733549e-01	
   8.7420849e-01	
   4.3987203e-01	
   9.8553851e-01	
   5.7009435e-02	
   2.1503744e-01	
   6.7518535e-01	
   8.7724038e-01	
   4.3075880e-01	
   9.8082262e-01	
   7.5238422e-02	
   2.7831041e-01	
   8.0341490e-01	
   6.3175759e-01	
   9.3055975e-01	
   2.5847322e-01	
   7.6665926e-01	
   7.1557136e-01	
   8.1411595e-01	
   6.0532468e-01	
   9.5562685e-01	
   1.6961670e-01	
   5.6338750e-01	
   9.8392810e-01	
   6.3254381e-02	
   2.3701306e-01	
   7.2335147e-01	
   8.0045648e-01	
   6.3890362e-01	
   9.2282314e-01	
   2.8488238e-01	
   8.1489764e-01	
   6.0335791e-01	
   9.5726857e-01	
   1.6362182e-01	
   5.4739888e-01	
   9.9101338e-01	
   3.5623425e-02	
   1.3741759e-01	
   4.7413598e-01	
   9.9732421e-01	
   1.0674524e-02	
   4.2242315e-02	
   1.6183161e-01	
   5.4256855e-01	
   9.9275167e-01	
   2.8783152e-02	
   1.1181873e-01	
   3.9726120e-01	
   9.5777896e-01	
   1.6175371e-01	
   5.4235778e-01	
   9.9282327e-01	
   2.8500882e-02	
   1.1075433e-01	
   3.9395122e-01	
   9.5501463e-01	
   1.7184676e-01	
   5.6926180e-01	
   9.8081121e-01	
   7.5282311e-02	
   2.7845954e-01	
   8.0367930e-01	
   6.3111554e-01	
   9.3123486e-01	
   2.5614597e-01	
   7.6214086e-01	
   7.2512869e-01	
   7.9726830e-01	
   6.4652623e-01	
   9.1412025e-01	
   3.1401766e-01	
   8.6164228e-01	
   4.7685945e-01	
   9.9785806e-01	
   8.5494120e-03	
   3.3905278e-02	
   1.3102284e-01	
   4.5542343e-01	
   9.9205172e-01	
   3.1540432e-02	
   1.2218253e-01	
   4.2901585e-01	
   9.7984500e-01	
   7.8995103e-02	
   2.9101951e-01	
   8.2530862e-01	
   5.7669722e-01	
   9.7647015e-01	
   9.1904794e-02	
   3.3383321e-01	
   8.8955439e-01	
   3.9298950e-01	
   9.5419501e-01	
   1.7482757e-01	
   5.7705157e-01	
   9.7625222e-01	
   9.2735274e-02	
   3.3654177e-01	
   8.9312563e-01	
   3.8180896e-01	
   9.4412351e-01	
   2.1101723e-01	
   6.6595583e-01	
   8.8983465e-01	
   3.9211577e-01	
   9.5344397e-01	
   1.7755426e-01	
   5.8411497e-01	
   9.7169869e-01	
   1.1000140e-01	
   3.9160437e-01	
   9.5300155e-01	
   1.7915838e-01	
   5.8824263e-01	
   9.6885296e-01	
   1.2070762e-01	
   4.2454917e-01	
   9.7722869e-01	
   8.9011112e-02	
   3.2435253e-01	
   8.7659187e-01	
   4.3271425e-01	
   9.8189051e-01	
   7.1126143e-02	
   2.6426886e-01	
   7.7772331e-01	
   6.9147904e-01	
   8.5334311e-01	
   5.0059460e-01	
   9.9999859e-01	
   5.6567493e-06	
   2.2626869e-05	
   9.0505429e-05	
   3.6198895e-04	
   1.4474317e-03	
   5.7813464e-03	
   2.2991690e-02	
   8.9852288e-02	
   3.2711542e-01	
   8.8044369e-01	
   4.2105041e-01	
   9.7506785e-01	
   9.7242162e-02	
   3.5114449e-01	
   9.1136815e-01	
   3.2310497e-01	
   8.7483259e-01	
   4.3800211e-01	
   9.8462505e-01	
   6.0554252e-02	
   2.2754974e-01	
   7.0308342e-01	
   8.3502850e-01	
   5.5102362e-01	
   9.8958636e-01	
   4.1220788e-02	
   1.5808654e-01	
   5.3238074e-01	
   9.9580595e-01	
   1.6705836e-02	
   6.5707005e-02	
   2.4555838e-01	
   7.4103785e-01	
   7.6760302e-01	
   7.1355448e-01	
   8.1757793e-01	
   5.9657704e-01	
   9.6269150e-01	
   1.4366629e-01	
   4.9210515e-01	
   9.9975069e-01	
   9.9701074e-04	
   3.9840668e-03	
   1.5872776e-02	
   6.2483325e-02	
   2.3431664e-01	
   7.1764940e-01	
   8.1051496e-01	
   6.1432184e-01	
   9.4772206e-01	
   1.9817982e-01	
   6.3561831e-01	
   9.2643070e-01	
   2.7262744e-01	
   7.9320687e-01	
   6.5611891e-01	
   9.0250754e-01	
   3.5195073e-01	
   9.1232565e-01	
   3.1995024e-01	
   8.7032833e-01	
   4.5142771e-01	
   9.9056293e-01	
   3.7392050e-02	
   1.4397554e-01	
   4.9298633e-01	
   9.9980323e-01	
   7.8691007e-04	
   3.1451634e-03	
   1.2541085e-02	
   4.9535226e-02	
   1.8832595e-01	
   6.1143714e-01	
   9.5032705e-01	
   1.8882218e-01	
   6.1267345e-01	
   9.4921877e-01	
   1.9280997e-01	
   6.2253714e-01	
   9.3993860e-01	
   2.2581613e-01	
   6.9929281e-01	
   8.4112950e-01	
   5.3452267e-01	
   9.9523274e-01	
   1.8978126e-02	
   7.4471827e-02	
   2.7570310e-01	
   7.9876360e-01	
   6.4296125e-01	
   9.1824832e-01	
   3.0027336e-01	
   8.4043708e-01	
   5.3641038e-01	
   9.9469714e-01	
   2.1098968e-02	
   8.2615207e-02	
   3.0315974e-01	
   8.4501564e-01	
   5.2385682e-01	
   9.9772341e-01	
   9.0856340e-03	
   3.6012341e-02	
   1.3886181e-01	
   4.7831683e-01	
   9.9811936e-01	
   7.5084108e-03	
   2.9808138e-02	
   1.1567845e-01	
   4.0918779e-01	
   9.6701257e-01	
   1.2759703e-01	
   4.4526410e-01	
   9.8801593e-01	
   4.7361822e-02	
   1.8047472e-01	
   5.9161438e-01	
   9.6642722e-01	
   1.2978260e-01	
   4.5175630e-01	
   9.9069018e-01	
   3.6892580e-02	
   1.4212607e-01	
   4.8770500e-01	
   9.9939533e-01	
   2.4172107e-03	
   9.6454712e-03	
   3.8209744e-02	
   1.4699904e-01	
   5.0156129e-01	
   9.9999025e-01	
   3.9001441e-05	
   1.5599968e-04	
   6.2390138e-04	
   2.4940485e-03	
   9.9513129e-03	
   3.9409137e-02	
   1.5142423e-01	
   5.1397973e-01	
   9.9921827e-01	
   3.1244796e-03	
   1.2458869e-02	
   4.9214583e-02	
   1.8717003e-01	
   6.0854964e-01	
   9.5286790e-01	
   1.7964265e-01	
   5.8948466e-01	
   9.6796998e-01	
   1.2401639e-01	
   4.3454531e-01	
   9.8286273e-01	
   6.7374318e-02	
   2.5134008e-01	
   7.5267297e-01	
   7.4462548e-01	
   7.6063351e-01	
   7.2828070e-01	
   7.9155169e-01	
   6.5999045e-01	
   8.9761222e-01	
   3.6761809e-01	
   9.2990012e-01	
   2.6074355e-01	
   7.7102541e-01	
   7.0618091e-01	
   8.2995773e-01	
   5.6451158e-01	
   9.8335303e-01	
   6.5479406e-02	
   2.4476741e-01	
   7.3942531e-01	
   7.7070209e-01	
   7.0688152e-01	
   8.2880014e-01	
   5.6756187e-01	
   9.8174158e-01	
   7.1700211e-02	
   2.6623716e-01	
   7.8141975e-01	
   6.8321170e-01	
   8.6573389e-01	
   4.6495490e-01	
   9.9508736e-01	
   1.9554013e-02	
   7.6686615e-02	
   2.8322311e-01	
   8.1203112e-01	
   6.1054631e-01	
   9.5111805e-01	
   1.8597002e-01	
   6.0554069e-01	
   9.5544465e-01	
   1.7028069e-01	
   5.6514070e-01	
   9.8302676e-01	
   6.6740602e-02	
   2.4914518e-01	
   7.4828743e-01	
   7.5341341e-01	
   7.4312657e-01	
   7.6355789e-01	
   7.2214896e-01	
   8.0259936e-01	
   6.3373452e-01	
   9.2846031e-01	
   2.6568704e-01	
   7.8038974e-01	
   6.8552637e-01	
   8.6231986e-01	
   4.7489726e-01	
   9.9747941e-01	
   1.0056946e-02	
   3.9823214e-02	
   1.5294930e-01	
   5.1822325e-01	
   9.9867165e-01	
   5.3063318e-03	
   2.1112699e-02	
   8.2667810e-02	
   3.0333537e-01	
   8.4529210e-01	
   5.2309347e-01	
   9.9786677e-01	
   8.5147308e-03	
   3.3768921e-02	
   1.3051432e-01	
   4.5392134e-01	
   9.9150703e-01	
   3.3683369e-02	
   1.3019520e-01	
   4.5297764e-01	
   9.9115559e-01	
   3.5064747e-02	
   1.3534084e-01	
   4.6809479e-01	
   9.9592823e-01	
   1.6220762e-02	
   6.3830597e-02	
   2.3902501e-01	
   7.2756821e-01	
   7.9285084e-01	
   6.5695354e-01	
   9.0146234e-01	
   3.5531195e-01	
   9.1626148e-01	
   3.0690553e-01	
   8.5085810e-01	
   5.0759436e-01	
   9.9976930e-01	
   9.2257626e-04	
   3.6869005e-03	
   1.4693229e-02	
   5.7909352e-02	
   2.1822343e-01	
   6.8240787e-01	
   8.6690948e-01	
   4.6150974e-01	
   9.9407400e-01	
   2.3563534e-02	
   9.2033177e-02	
   3.3425229e-01	
   8.9011078e-01	
   3.9125432e-01	
   9.5269751e-01	
   1.8025987e-01	
   5.9106500e-01	
   9.6682866e-01	
   1.2828401e-01	
   4.4730889e-01	
   9.8889459e-01	
   4.3928336e-02	
   1.6799455e-01	
   5.5908952e-01	
   9.8603371e-01	
   5.5084913e-02	
   2.0820226e-01	
   6.5941632e-01	
   8.9834575e-01	
   3.6528264e-01	
   9.2740494e-01	
   2.6930008e-01	
   7.8711019e-01	
   6.7027095e-01	
   8.8403122e-01	
   4.1008010e-01	
   9.6765765e-01	
   1.2518529e-01	
   4.3805575e-01	
   9.8465164e-01	
   6.0451160e-02	
   2.2718727e-01	
   7.0229285e-01	
   8.3631041e-01	
   5.4758124e-01	
   9.9094410e-01	
   3.5895546e-02	
   1.3842822e-01	
   4.7706340e-01	
   9.9789565e-01	
   8.3996878e-03	
   3.3316532e-02	
   1.2882616e-01	
   4.4891993e-01	
   9.8956331e-01	
   4.1311072e-02	
   1.5841787e-01	
   5.3328659e-01	
   9.9556801e-01	
   1.7649381e-02	
   6.9351521e-02	
   2.5816755e-01	
   7.6606827e-01	
   7.1683071e-01	
   8.1193777e-01	
   6.1077930e-01	
   9.5091179e-01	
   1.8671424e-01	
   6.0740813e-01	
   9.5385398e-01	
   1.7606627e-01	
   5.8026775e-01	
   9.7422835e-01	
   1.0042988e-01	
   3.6137488e-01	
   9.2313230e-01	
   2.8383623e-01	
   8.1309289e-01	
   6.0789136e-01	
   9.5343782e-01	
   1.7757658e-01	
   5.8417256e-01	
   9.7165992e-01	
   1.1014767e-01	
   3.9206066e-01	
   9.5339639e-01	
   1.7772684e-01	
   5.8456004e-01	
   9.7139840e-01	
   1.1113419e-01	
   3.9513353e-01	
   9.5601209e-01	
   1.6821189e-01	
   5.5966660e-01	
   9.8575959e-01	
   5.6150499e-02	
   2.1199048e-01	
   6.6820207e-01	
   8.8683225e-01	
   4.0144324e-01	
   9.6114626e-01	
   1.4937650e-01	
   5.0825266e-01	
   9.9972757e-01	
   1.0894050e-03	
   4.3528729e-03	
   1.7335702e-02	
   6.8140701e-02	
   2.5399018e-01	
   7.5791668e-01	
   7.3391595e-01	
   7.8113332e-01	
   6.8385622e-01	
   8.6478756e-01	
   4.6772016e-01	
   9.9583205e-01	
   1.6602326e-02	
   6.5306753e-02	
   2.4416713e-01	
   7.3819816e-01	
   7.7304655e-01	
   7.0178234e-01	
   8.3713556e-01	
   5.4535847e-01	
   9.9177044e-01	
   3.2647350e-02	
   1.2632600e-01	
   4.4147098e-01	
   9.8629741e-01	
   5.4059303e-02	
   2.0454758e-01	
   6.5083147e-01	
   9.0899948e-01	
   3.3087772e-01	
   8.8559061e-01	
   4.0527952e-01	
   9.6411212e-01	
   1.3839976e-01	
   4.7698107e-01	
   9.9788052e-01	
   8.4599697e-03	
   3.3553595e-02	
   1.2971100e-01	
   4.5154424e-01	
   9.9060816e-01	
   3.7214550e-02	
   1.4331851e-01	
   4.9111326e-01	
   9.9968410e-01	
   1.2631883e-03	
   5.0463704e-03	
   2.0083618e-02	
   7.8721066e-02	
   2.9009624e-01	
   8.2376165e-01	
   5.8071359e-01	
   9.7394127e-01	
   1.0151870e-01	
   3.6485061e-01	
   9.2693856e-01	
   2.7089385e-01	
   7.9004148e-01	
   6.6350375e-01	
   8.9306609e-01	
   3.8199619e-01	
   9.4430040e-01	
   2.1038861e-01	
   6.6450097e-01	
   8.9175772e-01	
   3.8610355e-01	
   9.4811039e-01	
   1.9678831e-01	
   6.3225069e-01	
   9.3003902e-01	
   2.6026575e-01	
   7.7010996e-01	
   7.0816243e-01	
   8.2667360e-01	
   5.7313742e-01	
   9.7860367e-01	
   8.3754112e-02	
   3.0695744e-01	
   8.5093828e-01	
   5.0736929e-01	
   9.9978277e-01	
   8.6871360e-04	
   3.4718357e-03	
   1.3839128e-02	
   5.4590428e-02	
   2.0644125e-01	
   6.5529304e-01	
   9.0353628e-01	
   3.4863388e-01	
   9.0835319e-01	
   3.3299069e-01	
   8.8843156e-01	
   3.9648369e-01	
   9.5713750e-01	
   1.6410123e-01	
   5.4868808e-01	
   9.9051788e-01	
   3.7568821e-02	
   1.4462962e-01	
   4.9484757e-01	
   9.9989381e-01	
   4.2471607e-04	
   1.6981427e-03	
   6.7810362e-03	
   2.6940215e-02	
   1.0485776e-01	
   3.7545044e-01	
   9.3794963e-01	
   2.3280049e-01	
   7.1441769e-01	
   8.1610021e-01	
   6.0032263e-01	
   9.5974148e-01	
   1.5455108e-01	
   5.2266017e-01	
   9.9794607e-01	
   8.1988568e-03	
   3.2526542e-02	
   1.2587426e-01	
   4.4011974e-01	
   9.8565742e-01	
   5.6547496e-02	
   2.1339951e-01	
   6.7144063e-01	
   8.8243245e-01	
   4.1498169e-01	
   9.7108755e-01	
   1.1230609e-01	
   3.9877372e-01	
   9.5901296e-01	
   1.5722839e-01	
   5.3003051e-01	
   9.9639267e-01	
   1.4377250e-02	
   5.6682180e-02	
   2.1387724e-01	
   6.7253507e-01	
   8.8092660e-01	
   4.1957969e-01	
   9.7413029e-01	
   1.0080185e-01	
   3.6256336e-01	
   9.2444468e-01	
   2.7938685e-01	
   8.0531935e-01	
   6.2712038e-01	
   9.3536164e-01	
   2.4184098e-01	
   7.3341568e-01	
   7.8206849e-01	
   6.8174947e-01	
   8.6786852e-01	
   4.5869101e-01	
   9.9317427e-01	
   2.7116561e-02	
   1.0552501e-01	
   3.7755794e-01	
   9.4003177e-01	
   2.2548818e-01	
   6.9857303e-01	
   8.4227500e-01	
   5.3139129e-01	
   9.9605835e-01	
   1.5704467e-02	
   6.1831347e-02	
   2.3203292e-01	
   7.1277459e-01	
   8.1890790e-01	
   5.9319100e-01	
   9.6526175e-01	
   1.3412601e-01	
   4.6454489e-01	
   9.9497174e-01	
   2.0011901e-02	
   7.8445700e-02	
   2.8916789e-01	
   8.2219928e-01	
   5.8475049e-01	
   9.7126941e-01	
   1.1162055e-01	
   3.9664562e-01	
   9.5727149e-01	
   1.6361113e-01	
   5.4737012e-01	
   9.9102429e-01	
   3.5580593e-02	
   1.3725846e-01	
   4.7367429e-01	
   9.9722783e-01	
   1.1057949e-02	
   4.3742682e-02	
   1.6731704e-01	
   5.5728819e-01	
   9.8687225e-01	
   5.1821629e-02	
   1.9654459e-01	
   6.3165926e-01	
   9.3066335e-01	
   2.5811630e-01	
   7.6596911e-01	
   7.1704173e-01	
   8.1157155e-01	
   6.1169269e-01	
   9.5009898e-01	
   1.8964365e-01	
   6.1471574e-01	
   9.4736120e-01	
   1.9947183e-01	
   6.3873129e-01	
   9.2301452e-01	
   2.8423487e-01	
   8.1378163e-01	
   6.0616436e-01	
   9.5491652e-01	
   1.7220386e-01	
   5.7019875e-01	
   9.8028854e-01	
   7.7291675e-02	
   2.8527069e-01	
   8.1556529e-01	
   6.0167419e-01	
   9.5864944e-01	
   1.5856278e-01	
   5.3368250e-01	
   9.9546196e-01	
   1.8069802e-02	
   7.0973137e-02	
   2.6374380e-01	
   7.7673204e-01	
   6.9367752e-01	
   8.4995607e-01	
   5.1012300e-01	
   9.9959010e-01	
   1.6389288e-03	
   6.5449710e-03	
   2.6008537e-02	
   1.0132837e-01	
   3.6424374e-01	
   9.2628095e-01	
   2.7313821e-01	
   7.9413492e-01	
   6.5393860e-01	
   9.0521163e-01	
   3.4321415e-01	
   9.0167278e-01	
   3.5463590e-01	
   9.1547711e-01	
   3.0951508e-01	
   8.5486198e-01	
   4.9629191e-01	
   9.9994500e-01	
   2.1998637e-04	
   8.7975191e-04	
   3.5159118e-03	
   1.4014201e-02	
   5.5271211e-02	
   2.0886522e-01	
   6.6096215e-01	
   8.9636474e-01	
   3.7157996e-01	
   9.3403318e-01	
   2.4646081e-01	
   7.4287151e-01	
   7.6405372e-01	
   7.2110253e-01	
   8.0445468e-01	
   6.2922939e-01	
   9.3319906e-01	
   2.4935429e-01	
   7.4870692e-01	
   7.5257947e-01	
   7.4481444e-01	
   7.6026357e-01	
   7.2905150e-01	
   7.9014164e-01	
   6.6327132e-01	
   8.9336991e-01	
   3.8104047e-01	
   9.4339452e-01	
   2.1360519e-01	
   6.7191205e-01	
   8.8178498e-01	
   4.1696091e-01	
   9.7241804e-01	
   1.0728479e-01	
   3.8309906e-01	
   9.4533668e-01	
   2.0670095e-01	
   6.5590267e-01	
   9.0277743e-01	
   3.5108138e-01	
   9.1129297e-01	
   3.2335236e-01	
   8.7518245e-01	
   4.3695252e-01	
   9.8410006e-01	
   6.2588523e-02	
   2.3468480e-01	
   7.1843137e-01	
   8.0915094e-01	
   6.1770279e-01	
   9.4458421e-01	
   2.0937951e-01	
   6.6215892e-01	
   8.9481794e-01	
   3.7647517e-01	
   9.3896647e-01	
   2.2923377e-01	
   7.0674258e-01	
   8.2903002e-01	
   5.6695699e-01	
   9.8206704e-01	
   7.0445463e-02	
   2.6193160e-01	
   7.7329375e-01	
   7.0124211e-01	
   8.3800645e-01	
   5.4300657e-01	
   9.9260174e-01	
   2.9374100e-02	
   1.1404505e-01	
   4.0415510e-01	
   9.6325502e-01	
   1.4157914e-01	
   4.8613795e-01	
   9.9923137e-01	
   3.0721395e-03	
   1.2250806e-02	
   4.8402894e-02	
   1.8424021e-01	
   6.0118303e-01	
   9.5904798e-01	
   1.5709982e-01	
   5.2967787e-01	
   9.9647690e-01	
   1.4042765e-02	
   5.5382263e-02	
   2.0926027e-01	
   6.6188164e-01	
   8.9517734e-01	
   3.7533948e-01	
   9.3783902e-01	
   2.3318798e-01	
   7.1524538e-01	
   8.1467771e-01	
   6.0391175e-01	
   9.5680940e-01	
   1.6530070e-01	
   5.5190551e-01	
   9.8922327e-01	
   4.2642364e-02	
   1.6329597e-01	
   5.4652159e-01	
   9.9134297e-01	
   3.4328351e-02	
   1.3259966e-01	
   4.6006797e-01	
   9.9362173e-01	
   2.5350344e-02	
   9.8830815e-02	
   3.5625314e-01	
   9.1734736e-01	
   3.0328473e-01	
   8.4521240e-01	
   5.2331359e-01	
   9.9782591e-01	
   8.6774676e-03	
   3.4408677e-02	
   1.3289888e-01	
   4.6094707e-01	
   9.9389947e-01	
   2.4253239e-02	
   9.4660079e-02	
   3.4279820e-01	
   9.0115037e-01	
   3.5631352e-01	
   9.1741678e-01	
   3.0305292e-01	
   8.4484739e-01	
   5.2432112e-01	
   9.9763393e-01	
   9.4418798e-03	
   3.7410923e-02	
   1.4404538e-01	
   4.9318524e-01	
   9.9981424e-01	
   7.4291646e-04	
   2.9694581e-03	
   1.1842562e-02	
   4.6809262e-02	
   1.7847262e-01	
   5.8648058e-01	
   9.7008444e-01	
   1.1608248e-01	
   4.1042936e-01	
   9.6790840e-01	
   1.2424692e-01	
   4.3523848e-01	
   9.8322378e-01	
   6.5979097e-02	
   2.4650342e-01	
   7.4295794e-01	
   7.6388576e-01	
   7.2145722e-01	
   8.0382679e-01	
   6.3075711e-01	
   9.3161031e-01	
   2.5485017e-01	
   7.5960624e-01	
   7.3041840e-01	
   7.8762945e-01	
   6.6907719e-01	
   8.8565161e-01	
   4.0509134e-01	
   9.6396939e-01	
   1.3892964e-01	
   4.7851278e-01	
   9.9815320e-01	
   7.3735699e-03	
   2.9276801e-02	
   1.1367868e-01	
   4.0302335e-01	
   9.6238212e-01	
   1.4481110e-01	
   4.9536338e-01	
   9.9991401e-01	
   3.4394218e-04	
   1.3752955e-03	
   5.4936163e-03	
   2.1853746e-02	
   8.5504639e-02	
   3.1277438e-01	
   8.5978628e-01	
   4.8221534e-01	
   9.9873482e-01	
   5.0543011e-03	
   2.0115021e-02	
   7.8841626e-02	
   2.9050250e-01	
   8.2444318e-01	
   5.7894648e-01	
   9.7506981e-01	
   9.7234700e-02	
   3.5112045e-01	
   9.1133952e-01	
   3.2319919e-01	
   8.7496590e-01	
   4.3760230e-01	
   9.8442611e-01	
   6.1325377e-02	
   2.3025830e-01	
   7.0895767e-01	
   8.2534678e-01	
   5.7659790e-01	
   9.7653105e-01	
   9.1672650e-02	
   3.3307510e-01	
   8.8854431e-01	
   3.9613327e-01	
   9.5684681e-01	
   1.6516396e-01	
   5.5153931e-01	
   9.8937480e-01	
   4.2049234e-02	
   1.6112438e-01	
   5.4065326e-01	
   9.9338925e-01	
   2.6268197e-02	
   1.0231271e-01	
   3.6737929e-01	
   9.2964699e-01	
   2.6161386e-01	
   7.7268819e-01	
   7.0256461e-01	
   8.3587032e-01	
   5.4876451e-01	
   9.9048809e-01	
   3.7685738e-02	
   1.4506209e-01	
   4.9607633e-01	
   9.9993842e-01	
   2.4630766e-04	
   9.8498797e-04	
   3.9360711e-03	
   1.5682314e-02	
   6.1745515e-02	
   2.3173203e-01	
   7.1212918e-01	
   8.2000485e-01	
   5.9038758e-01	
   9.6732034e-01	
   1.2644680e-01	
   4.4183203e-01	
   9.8646595e-01	
   5.3403514e-02	
   2.0220632e-01	
   6.4527569e-01	
   9.1557990e-01	
   3.0917339e-01	
   8.5434081e-01	
   4.9777035e-01	
   9.9998011e-01	
   7.9540035e-05	
   3.1813483e-04	
   1.2721345e-03	
   5.0820647e-03	
   2.0224949e-02	
   7.9263602e-02	
   2.9192353e-01	
   8.2681674e-01	
   5.7276328e-01	
   9.7882202e-01	
   8.2917892e-02	
   3.0417006e-01	
   8.4660254e-01	
   5.1946672e-01	
   9.9848419e-01	
   6.0540581e-03	
   2.4069626e-02	
   9.3961116e-02	
   3.4052970e-01	
   8.9827689e-01	
   3.6550207e-01	
   9.2764123e-01	
   2.6849192e-01	
   7.8561603e-01	
   6.7369393e-01	
   8.7932167e-01	
   4.2446028e-01	
   9.7717500e-01	
   8.9216073e-02	
   3.2502626e-01	
   8.7753676e-01	
   4.2986397e-01	
   9.8032375e-01	
   7.7156393e-02	
   2.8481314e-01	
   8.1477845e-01	
   6.0365810e-01	
   9.5701999e-01	
   1.6453091e-01	
   5.4984195e-01	
   9.9006312e-01	
   3.9352550e-02	
   1.5121571e-01	
   5.1339807e-01	
   9.9928197e-01	
   2.8700687e-03	
   1.1447325e-02	
   4.5265137e-02	
   1.7286482e-01	
   5.7193029e-01	
   9.7930414e-01	
   8.1070182e-02	
   2.9799123e-01	
   8.3676983e-01	
   5.4634433e-01	
   9.9140881e-01	
   3.4069516e-02	
   1.3163514e-01	
   4.5722930e-01	
   9.9268267e-01	
   2.9055144e-02	
   1.1284377e-01	
   4.0044022e-01	
   9.6035140e-01	
   1.5230635e-01	
   5.1643650e-01	
   9.9891937e-01	
   4.3178647e-03	
   1.7196883e-02	
   6.7604600e-02	
   2.5213687e-01	
   7.5425548e-01	
   7.4141660e-01	
   7.6687210e-01	
   7.1511712e-01	
   8.1489850e-01	
   6.0335574e-01	
   9.5727036e-01	
   1.6361526e-01	
   5.4738122e-01	
   9.9102008e-01	
   3.5597120e-02	
   1.3731986e-01	
   4.7385246e-01	
   9.9726523e-01	
   1.0909183e-02	
   4.3160691e-02	
   1.6519138e-01	
   5.5161276e-01	
   9.8934449e-01	
   4.2167868e-02	
   1.6155896e-01	
   5.4183064e-01	
   9.9300079e-01	
   2.7800886e-02	
   1.0811199e-01	
   3.8569514e-01	
   9.4773760e-01	
   1.9812417e-01	
   6.3548395e-01	
   9.2657640e-01	
   2.7213029e-01	
   7.9230158e-01	
   6.5823914e-01	
   8.9984150e-01	
   3.6050709e-01	
   9.2216691e-01	
   2.8710039e-01	
   8.1869502e-01	
   5.9373394e-01	
   9.6485579e-01	
   1.3563637e-01	
   4.6895657e-01	
   9.9614522e-01	
   1.5359672e-02	
   6.0495009e-02	
   2.2734145e-01	
   7.0262926e-01	
   8.3576553e-01	
   5.4904603e-01	
   9.9037795e-01	
   3.8117875e-02	
   1.4665961e-01	
   5.0060228e-01	
   9.9999855e-01	
   5.8037952e-06	
   2.3215046e-05	
   9.2858028e-05	
   3.7139762e-04	
   1.4850387e-03	
   5.9313336e-03	
   2.3584612e-02	
   9.2113511e-02	
   3.3451445e-01	
   8.9045813e-01	
   3.9016980e-01	
   9.5174931e-01	
   1.8369025e-01	
   5.9979257e-01	
   9.6016577e-01	
   1.5298986e-01	
   5.1833584e-01	
   9.9865519e-01	
   5.3720170e-03	
   2.1372634e-02	
   8.3663376e-02	
   3.0665526e-01	
   8.5047125e-01	
   5.0867961e-01	
   9.9969866e-01	
   1.2050065e-03	
   4.8142177e-03	
   1.9164164e-02	
   7.5187596e-02	
   2.7813768e-01	
   8.0310845e-01	
   6.3250107e-01	
   9.2977387e-01	
   2.6117768e-01	
   7.7185560e-01	
   7.0437814e-01	
   8.3291831e-01	
   5.5666160e-01	
   9.8715785e-01	
   5.0708912e-02	
   1.9255007e-01	
   6.2189817e-01	
   9.4056334e-01	
   2.2361577e-01	
   6.9444702e-01	
   8.4876142e-01	
   5.1346188e-01	
   9.9927511e-01	
   2.8974517e-03	
   1.1556226e-02	
   4.5690719e-02	
   1.7441231e-01	
   5.7597062e-01	
   9.7691386e-01	
   9.0212681e-02	
   3.2829741e-01	
   8.8207289e-01	
   4.1608124e-01	
   9.7183057e-01	
   1.0950367e-01	
   3.9005046e-01	
   9.5164440e-01	
   1.8406936e-01	
   6.0075132e-01	
   9.5939669e-01	
   1.5581873e-01	
   5.2615701e-01	
   9.9726324e-01	
   1.0917064e-02	
   4.3191527e-02	
   1.6530408e-01	
   5.5191455e-01	
   9.8921952e-01	
   4.2657057e-02	
   1.6334973e-01	
   5.4666638e-01	
   9.9128900e-01	
   3.4540493e-02	
   1.3338979e-01	
   4.6238782e-01	
   9.9434130e-01	
   2.2506734e-02	
   8.8000726e-02	
   3.2102639e-01	
   8.7187379e-01	
   4.4683954e-01	
   9.8869586e-01	
   4.4705420e-02	
   1.7082738e-01	
   5.6658155e-01	
   9.8226759e-01	
   6.9671899e-02	
   2.5927090e-01	
   7.6819800e-01	
   7.1227932e-01	
   8.1974996e-01	
   5.9103985e-01	
   9.6684698e-01	
   1.2821558e-01	
   4.4710539e-01	
   9.8880864e-01	
   4.4264447e-02	
   1.6922042e-01	
   5.6233949e-01	
   9.8445515e-01	
   6.1212818e-02	
   2.2986324e-01	
   7.0810452e-01	
   8.2677004e-01	
   5.7288536e-01	
   9.7875090e-01	
   8.3190311e-02	
   3.0507873e-01	
   8.4802280e-01	
   5.1552052e-01	
   9.9903645e-01	
   3.8504714e-03	
   1.5342581e-02	
   6.0428746e-02	
   2.2710845e-01	
   7.0212081e-01	
   8.3658872e-01	
   5.4683214e-01	
   9.9122700e-01	
   3.4784127e-02	
   1.3429677e-01	
   4.6504458e-01	
   9.9511247e-01	
   1.9454549e-02	
   7.6304279e-02	
   2.8192775e-01	
   8.0977797e-01	
   6.1615044e-01	
   9.4603630e-01	
   2.0420648e-01	
   6.5002478e-01	
   9.0997026e-01	
   3.2769756e-01	
   8.8124747e-01	
   4.1860145e-01	
   9.7349711e-01	
   1.0320196e-01	
   3.7020526e-01	
   9.3261330e-01	
   2.5138293e-01	
   7.5275821e-01	
   7.4445316e-01	
   7.6097061e-01	
   7.2757736e-01	
   7.9283418e-01	
   6.5699256e-01	
   9.0141334e-01	
   3.5546933e-01	
   9.1644354e-01	
   3.0629912e-01	
   8.4991987e-01	
   5.1022434e-01	
   9.9958185e-01	
   1.6718951e-03	
   6.6763995e-03	
   2.6527301e-02	
   1.0329441e-01	
   3.7049871e-01	
   9.3291766e-01	
   2.5032920e-01	
   7.5065796e-01	
   7.4868234e-01	
   7.5262837e-01	
   7.4471562e-01	
   7.6045706e-01	
   7.2864848e-01	
   7.9087948e-01	
   6.6155650e-01	
   8.9559798e-01	
   3.7400894e-01	
   9.3650501e-01	
   2.3785350e-01	
   7.2511685e-01	
   7.9728962e-01	
   6.4647553e-01	
   9.1417968e-01	
   3.1382079e-01	
   8.6134920e-01	
   4.7770702e-01	
   9.9801209e-01	
   7.9358226e-03	
   3.1491381e-02	
   1.2199870e-01	
   4.2846006e-01	
   9.7952815e-01	
   8.0211024e-02	
   2.9510886e-01	
   8.3207849e-01	
   5.5889551e-01	
   9.8612527e-01	
   5.4728870e-02	
   2.0693448e-01	
   6.5645041e-01	
   9.0209307e-01	
   3.5328465e-01	
   9.1389842e-01	
   3.1475239e-01	
   8.6273330e-01	
   4.7369823e-01	
   9.9723287e-01	
   1.1037906e-02	
   4.3664281e-02	
   1.6703085e-01	
   5.5652617e-01	
   9.8721917e-01	
   5.0469929e-02	
   1.9169086e-01	
   6.1978190e-01	
   9.4260919e-01	
   2.1638843e-01	
   6.7825790e-01	
   8.7289649e-01	
   4.4379285e-01	
   9.8736302e-01	
   4.9909134e-02	
   1.8967285e-01	
   6.1478824e-01	
   9.4729464e-01	
   1.9971003e-01	
   6.3930374e-01	
   9.2237788e-01	
   2.8638771e-01	
   8.1747917e-01	
   5.9682792e-01	
   9.6249742e-01	
   1.4438455e-01	
   4.9415061e-01	
   9.9986314e-01	
   5.4737175e-04	
   2.1882885e-03	
   8.7339997e-03	
   3.4630868e-02	
   1.3372628e-01	
   4.6337426e-01	
   9.9463422e-01	
   2.1347954e-02	
   8.3568877e-02	
   3.0634048e-01	
   8.4998396e-01	
   5.1004491e-01	
   9.9959640e-01	
   1.6137530e-03	
   6.4445951e-03	
   2.5612249e-02	
   9.9825047e-02	
   3.5944003e-01	
   9.2097158e-01	
   2.9113172e-01	
   8.2549617e-01	
   5.7620898e-01	
   9.7676877e-01	
   9.0766177e-02	
   3.3011071e-01	
   8.8455052e-01	
   4.0848359e-01	
   9.6649898e-01	
   1.2951479e-01	
   4.5096285e-01	
   9.9038143e-01	
   3.8104206e-02	
   1.4660910e-01	
   5.0045949e-01	
   9.9999916e-01	
   3.3781323e-06	
   1.3512484e-05	
   5.4049205e-05	
   2.1618513e-04	
   8.6455359e-04	
   3.4552245e-03	
   1.3773144e-02	
   5.4333777e-02	
   2.0552647e-01	
   6.5314137e-01	
   9.0619089e-01	
   3.4003585e-01	
   8.9764588e-01	
   3.6751102e-01	
   9.2978668e-01	
   2.6113365e-01	
   7.7177146e-01	
   7.0456110e-01	
   8.3261903e-01	
   5.5745832e-01	
   9.8679416e-01	
   5.2125765e-02	
   1.9763468e-01	
   6.3430085e-01	
   9.2785312e-01	
   2.6776682e-01	
   7.8427100e-01	
   6.7675999e-01	
   8.7502362e-01	
   4.3742914e-01	
   9.8433955e-01	
   6.1660793e-02	
   2.3143496e-01	
   7.1149127e-01	
   8.2108576e-01	
   5.8761573e-01	
   9.6929394e-01	
   1.1905280e-01	
   4.1951692e-01	
   9.7408990e-01	
   1.0095509e-01	
   3.6305262e-01	
   9.2498167e-01	
   2.7756234e-01	
   8.0208594e-01	
   6.3497633e-01	
   9.2712556e-01	
   2.7025502e-01	
   7.8886898e-01	
   6.6621884e-01	
   8.8948519e-01	
   3.9320516e-01	
   9.5437945e-01	
   1.7415727e-01	
   5.7530607e-01	
   9.7731599e-01	
   8.8677800e-02	
   3.2325619e-01	
   8.7504651e-01	
   4.3736047e-01	
   9.8430516e-01	
   6.1794055e-02	
   2.3190220e-01	
   7.1249428e-01	
   8.1938473e-01	
   5.9197357e-01	
   9.6616345e-01	
   1.3076657e-01	
   4.5466669e-01	
   9.9177956e-01	
   3.2611447e-02	
   1.2619176e-01	
   4.4106961e-01	
   9.8610884e-01	
   5.4792796e-02	
   2.0716218e-01	
   6.5698405e-01	
   9.0142404e-01	
   3.5543497e-01	
   9.1640381e-01	
   3.0643146e-01	
   8.5012488e-01	
   5.0965027e-01	
   9.9962749e-01	
   1.4894877e-03	
   5.9490764e-03	
   2.3654740e-02	
   9.2380772e-02	
   3.3538626e-01	
   8.9160926e-01	
   3.8656874e-01	
   9.4853339e-01	
   1.9527118e-01	
   6.2856139e-01	
   9.3388787e-01	
   2.4696525e-01	
   7.4389366e-01	
   7.6206353e-01	
   7.2529083e-01	
   7.9697618e-01	
   6.4722060e-01	
   9.1330438e-01	
   3.1671797e-01	
   8.6563079e-01	
   4.6525651e-01	
   9.9517156e-01	
   1.9220508e-02	
   7.5404321e-02	
   2.7887404e-01	
   8.0441323e-01	
   6.2933033e-01	
   9.3309466e-01	
   2.4971606e-01	
   7.4943179e-01	
   7.5113513e-01	
   7.4772460e-01	
   7.5453010e-01	
   7.4085772e-01	
   7.6795024e-01	
   7.1281067e-01	
   8.1884648e-01	
   5.9334770e-01	
   9.6514483e-01	
   1.3456115e-01	
   4.6581777e-01	
   9.9532630e-01	
   1.8607419e-02	
   7.3044731e-02	
   2.7083679e-01	
   7.8993690e-01	
   6.6374638e-01	
   8.9274849e-01	
   3.8299449e-01	
   9.4523884e-01	
   2.0704949e-01	
   6.5672000e-01	
   9.0175536e-01	
   3.5437052e-01	
   9.1516822e-01	
   3.1054140e-01	
   8.5642175e-01	
   4.9185413e-01	
   9.9973458e-01	
   1.0614010e-03	
   4.2410975e-03	
   1.6892442e-02	
   6.6428351e-02	
   2.4806250e-01	
   7.4610999e-01	
   7.5771949e-01	
   7.3432265e-01	
   7.8037158e-01	
   6.8556711e-01	
   8.6225939e-01	
   4.7507252e-01	
   9.9751448e-01	
   9.9173536e-03	
   3.9275999e-02	
   1.5093358e-01	
   5.1261054e-01	
   9.9936390e-01	
   2.5427914e-03	
   1.0145303e-02	
   4.0169502e-02	
   1.5422365e-01	
   5.2175487e-01	
   9.9810690e-01	
   7.5580518e-03	
   3.0003711e-02	
   1.1641395e-01	
   4.1144697e-01	
   9.6863345e-01	
   1.2153077e-01	
   4.2704417e-01	
   9.7870979e-01	
   8.3347749e-02	
   3.0560361e-01	
   8.4884017e-01	
   5.1324214e-01	
   9.9929858e-01	
   2.8037011e-03	
   1.1183361e-02	
   4.4233175e-02	
   1.6910640e-01	
   5.6203771e-01	
   9.8460529e-01	
   6.0630860e-02	
   2.2781903e-01	
   7.0367009e-01	
   8.3407398e-01	
   5.5357830e-01	
   9.8851746e-01	
   4.5402753e-02	
   1.7336537e-01	
   5.7323928e-01	
   9.7854403e-01	
   8.3982438e-02	
   3.0771755e-01	
   8.5210984e-01	
   5.0407464e-01	
   9.9993359e-01	
   2.6562563e-04	
   1.0622203e-03	
   4.2443679e-03	
   1.6905413e-02	
   6.6478481e-02	
   2.4823637e-01	
   7.4646030e-01	
   7.5702929e-01	
   7.3574378e-01	
   7.7769949e-01	
   6.9153198e-01	
   8.5326201e-01	
   5.0082382e-01	
   9.9999729e-01	
   1.0858881e-05	
   4.3435052e-05	
   1.7373266e-04	
   6.9480991e-04	
   2.7773086e-03	
   1.1078381e-02	
   4.3822601e-02	
   1.6760872e-01	
   5.5806415e-01	
   9.8651422e-01	
   5.3215664e-02	
   2.0153503e-01	
   6.4367464e-01	
   9.1743039e-01	
   3.0300747e-01	
   8.4477577e-01	
   5.2451867e-01	
   9.9759534e-01	
   9.5955122e-03	
   3.8013753e-02	
   1.4627483e-01	
   4.9951402e-01	
   9.9999906e-01	
   3.7788218e-06	
   1.5115230e-05	
   6.0460007e-05	
   2.4182541e-04	
   9.6706771e-04	
   3.8645300e-03	
   1.5398381e-02	
   6.0645085e-02	
   2.2786904e-01	
   7.0377895e-01	
   8.3389655e-01	
   5.5405237e-01	
   9.8831337e-01	
   4.6200228e-02	
   1.7626307e-01	
   5.8077760e-01	
   9.7389992e-01	
   1.0167547e-01	
   3.6535028e-01	
   9.2747781e-01	
   2.6905090e-01	
   7.8665005e-01	
   6.7132700e-01	
   8.8258824e-01	
   4.1450495e-01	
   9.7076238e-01	
   1.1353112e-01	
   4.0256721e-01	
   9.6202740e-01	
   1.4612272e-01	
   4.9908347e-01	
   9.9999664e-01	
   1.3440418e-05	
   5.3760951e-05	
   2.1503224e-04	
   8.5994402e-04	
   3.4368181e-03	
   1.3700025e-02	
   5.4049339e-02	
   2.0451203e-01	
   6.5074744e-01	
   9.0910084e-01	
   3.3054603e-01	
   8.8514140e-01	
   4.0666440e-01	
   9.6515386e-01	
   1.3452754e-01	
   4.6571952e-01	
   9.9529939e-01	
   1.8714043e-02	
   7.3455310e-02	
   2.7223851e-01	
   7.9249881e-01	
   6.5777777e-01	
   9.0042470e-01	
   3.5864025e-01	
   9.2006969e-01	
   2.9416584e-01	
   8.3052919e-01	
   5.6300181e-01	
   9.8412309e-01	
   6.2499352e-02	
   2.3437273e-01	
   7.1776862e-01	
   8.1030731e-01	
   6.1483749e-01	
   9.4724940e-01	
   1.9987188e-01	
   6.3969246e-01	
   9.2194407e-01	
   2.8785281e-01	
   8.1997427e-01	
   5.9046586e-01	
   9.6726371e-01	
   1.2665849e-01	
   4.4246447e-01	
   9.8675865e-01	
   5.2264066e-02	
   1.9813013e-01	
   6.3549834e-01	
   9.2656080e-01	
   2.7218352e-01	
   7.9239861e-01	
   6.5801221e-01	
   9.0012856e-01	
   3.5958853e-01	
   9.2113848e-01	
   2.9056954e-01	
   8.2455552e-01	
   5.7865485e-01	
   9.7525366e-01	
   9.6535844e-02	
   3.4886670e-01	
   9.0863490e-01	
   3.3207007e-01	
   8.8719816e-01	
   4.0031035e-01	
   9.6024790e-01	
   1.5268749e-01	
   5.1749609e-01	
   9.9877555e-01	
   4.8918155e-03	
   1.9471543e-02	
   7.6369606e-02	
   2.8214916e-01	
   8.1016404e-01	
   6.1519306e-01	
   9.4692223e-01	
   2.0104207e-01	
   6.4249663e-01	
   9.1877884e-01	
   2.9849714e-01	
   8.3758639e-01	
   5.4414173e-01	
   9.9220603e-01	
   3.0932890e-02	
   1.1990418e-01	
   4.2210868e-01	
   9.7573177e-01	
